0.1 0.0
0.11078714156150818 0.0
0.12157428312301637 0.0
0.13236142468452455 0.0
0.14314856624603273 0.0
0.1539357078075409 0.0
0.16472284936904907 0.0
0.17550999093055725 0.0
0.18629713249206542 0.0
0.1970842740535736 0.0
0.2078714156150818 0.0
0.21865855717658997 0.0
0.22944569873809814 0.0
0.24023284029960632 0.0
0.2510199818611145 0.0
0.2618071234226227 2.0889717794590113e-05
0.27259426498413086 0.0005395355840039036
0.28338140654563904 0.01773199398257127
0.2941685481071472 0.17977642817518882
0.3049556896686554 0.6781927356537693
0.31574283123016356 1.4226364583341111
0.32652997279167173 2.036232482373543
0.3373171143531799 2.3401145013832103
0.3481042559146881 2.37463121185575
0.35889139747619625 2.238725397603292
0.3696785390377044 2.0222283679687942
0.3804656805992126 1.791320817117676
0.3912528221607209 1.5600557470563188
0.40203996372222905 1.3839002699720928
0.41282710528373723 1.226570746296454
0.4236142468452454 1.0988429392482928
0.4344013884067536 0.9959682214557556
0.44518852996826175 0.9169330387511558
0.4559756715297699 0.8376725374693782
0.4667628130912781 0.7991192038484144
0.47754995465278627 0.7632744393101459
0.48833709621429444 0.739391756738424
0.4991242377758026 0.7231548504121714
0.5099113793373108 0.7179327228077919
0.520698520898819 0.7216042244712498
0.5314856624603271 0.7376924832819638
0.5422728040218353 0.7717064264198318
0.5530599455833435 0.8032638782462944
0.5638470871448517 0.8309908618624541
0.5746342287063598 0.8699326908125141
0.585421370267868 0.9135465252927937
0.5962085118293762 0.969057710368209
0.6069956533908843 1.0168844918580973
0.6177827949523925 1.0713906696322923
0.6285699365139007 1.1198053620003332
0.6393570780754089 1.157991772517776
0.650144219636917 1.1861243190549842
0.6609313611984252 1.2003984414161109
0.6717185027599334 1.2028695055967638
0.6825056443214417 1.2002624785041032
0.6932927858829498 1.1836932509103861
0.704079927444458 1.1528418797539581
0.7148670690059662 1.1290727721568334
0.7256542105674744 1.0979701555173134
0.7364413521289825 1.0598678086849191
0.7472284936904907 1.0295082728347664
0.7580156352519989 0.9998895836865975
0.7688027768135071 0.9831345594108841
0.7795899183750152 0.9647359982371289
0.7903770599365234 0.9492012170075386
0.8011642014980316 0.9305148853977621
0.8119513430595398 0.9283737139384819
0.8227384846210479 0.9275545985842604
0.8335256261825561 0.9296734001413164
0.8443127677440643 0.9260861816300686
0.8550999093055724 0.9330630761059568
0.8658870508670806 0.9414017276813085
0.8766741924285888 0.9576785577870662
0.887461333990097 0.973021535800244
0.8982484755516051 0.990101896030562
0.9090356171131134 1.0038765855962901
0.9198227586746216 1.0195111450405283
0.9306099002361298 1.0355018682865513
0.941397041797638 1.0490687019196776
0.9521841833591461 1.0569898592555487
0.9629713249206543 1.0526269809244306
0.9737584664821625 1.0602728485976816
0.9845456080436706 1.0649855545964484
0.9953327496051788 1.0628664288509329
1.006119891166687 1.0585510561968021
1.0169070327281953 1.0468802477904113
1.0276941742897034 1.043505033803893
1.0384813158512116 1.0343469441817272
1.0492684574127198 1.028001888600429
1.060055598974228 1.0163670381758392
1.0708427405357361 1.0071245910996878
1.0816298820972443 0.9999946296942313
1.0924170236587525 0.9946996427367606
1.1032041652202607 0.9899401144724539
1.1139913067817688 0.9831600806879248
1.124778448343277 0.9833215947173953
1.1355655899047852 0.9824012682474534
1.1463527314662934 0.9799210114904853
1.1571398730278015 0.978485957131164
1.1679270145893097 0.9810066897484154
