0.1 0.0
0.11009212517738343 0.0
0.12018425035476685 0.0
0.13027637553215027 0.0
0.1403685007095337 0.0
0.1504606258869171 0.0
0.16055275106430056 0.0
0.17064487624168395 0.0
0.1807370014190674 0.0
0.1908291265964508 0.0
0.20092125177383424 0.0
0.21101337695121763 0.0
0.22110550212860108 0.0
0.2311976273059845 0.0
0.24128975248336793 0.0
0.2513818776607514 0.0
0.26147400283813477 0.0
0.27156612801551816 0.00031128579230034264
0.2816582531929016 0.009931453546071478
0.29175037837028506 0.10560536047886009
0.30184250354766845 0.4862022913024675
0.31193462872505184 1.1311148772805926
0.3220267539024353 1.800833125967006
0.33211887907981874 2.2122477254882673
0.3422110042572022 2.387794481697738
0.3523031294345855 2.3281563943490804
0.362395254611969 2.154793761611606
0.3724873797893524 1.9374915535253736
0.3825795049667359 1.7404130553041863
0.3926716301441192 1.5539264570347004
0.40276375532150266 1.3743487294318766
0.4128558804988861 1.2334506451080223
0.42294800567626956 1.112847804065233
0.433040130853653 1.0203848017203156
0.44313225603103634 0.9341313426668791
0.4532243812084198 0.869367248682205
0.46331650638580324 0.8158302364440451
0.4734086315631867 0.7734848786543842
0.48350075674057 0.744650794679471
0.4935928819179535 0.7213070675246539
0.5036850070953369 0.7156285680323947
0.5137771322727204 0.7224630250019319
0.5238692574501037 0.7220981445156723
0.5339613826274872 0.7404945678076312
0.5440535078048706 0.7623187554744815
0.554145632982254 0.7908590265041852
0.5642377581596374 0.8369340292358114
0.5743298833370208 0.8784503570561176
0.5844220085144043 0.9197755595857156
0.5945141336917877 0.965640151760039
0.6046062588691711 1.016993750783653
0.6146983840465545 1.060100265678216
0.624790509223938 1.0969376932161148
0.6348826344013214 1.1394701960102265
0.6449747595787048 1.1658093516265866
0.6550668847560882 1.1878655790810815
0.6651590099334717 1.204677730172576
0.6752511351108551 1.1968318882242135
0.6853432602882384 1.1877317125821647
0.6954353854656219 1.1697564302410313
0.7055275106430053 1.1479072328457685
0.7156196358203888 1.1221491219760678
0.7257117609977721 1.09770987884208
0.7358038861751556 1.0690748496270528
0.745896011352539 1.0364705515990376
0.7559881365299225 1.0064678476495603
0.7660802617073059 0.983330673018486
0.7761723868846893 0.9694808300861447
0.7862645120620727 0.9495462162814574
0.7963566372394562 0.9377221913021679
0.8064487624168396 0.9304219307883171
0.8165408875942229 0.9237048225314161
0.8266330127716064 0.9220529022071763
0.8367251379489898 0.9303436310993114
0.8468172631263733 0.9397735951638988
0.8569093883037566 0.9389684109188172
0.8670015134811401 0.9476013935470942
0.8770936386585235 0.9570111446424494
0.887185763835907 0.9678289046251181
0.8972778890132903 0.9871088935573686
0.9073700141906738 1.0024133221558196
0.9174621393680572 1.0175357293641139
0.9275542645454407 1.0320533393533415
0.9376463897228241 1.0434888256099542
0.9477385149002074 1.0480707243564134
0.9578306400775909 1.0488447825144465
0.9679227652549743 1.0563002137450992
0.9780148904323578 1.060093597394986
0.9881070156097411 1.0592970577217293
0.9981991407871246 1.0561289205111228
1.008291265964508 1.0538095863809558
1.0183833911418916 1.0410104895730392
1.028475516319275 1.0371583657755368
1.0385676414966583 1.0376081202649499
1.0486597666740418 1.0256829956014966
1.0587518918514252 1.0166366728257343
1.0688440170288087 1.0088639785701867
1.078936142206192 1.0043194786124388
1.0890282673835754 0.9974094012312763
1.099120392560959 0.9960455601647707
