0.1 0.0
0.11197342777252198 0.0
0.12394685554504395 0.0
0.13592028331756592 0.0
0.1478937110900879 0.0
0.15986713886260986 0.0
0.17184056663513184 0.0
0.1838139944076538 0.0
0.19578742218017578 0.0
0.20776084995269775 0.0
0.21973427772521972 0.0
0.2317077054977417 0.0
0.24368113327026367 0.0
0.2556545610427856 0.0
0.2676279888153076 8.780007400865045e-05
0.27960141658782955 0.007610986772762621
0.2915748443603515 0.13364171289795787
0.3035482721328735 0.6478286374214911
0.31552169990539547 1.4666960104559665
0.32749512767791744 2.137433094437697
0.3394685554504394 2.39440321469928
0.3514419832229614 2.3362886185054967
0.36341541099548336 2.1261232562246204
0.37538883876800533 1.8816902220268388
0.3873622665405273 1.62238301782289
0.39933569431304927 1.4087996746987026
0.41130912208557124 1.2305455566629953
0.4232825498580932 1.0895628548348226
0.4352559776306152 0.9787016592462734
0.44722940540313716 0.8868290835262055
0.45920283317565913 0.8287511579019624
0.4711762609481811 0.7856475158935192
0.4831496887207031 0.7555932957901212
0.49512311649322505 0.7237883539584881
0.507096544265747 0.7248480092715043
0.519069972038269 0.7328831137251272
0.531043399810791 0.7446982959361982
0.5430168275833129 0.7800903918130986
0.5549902553558349 0.8166209024737557
0.5669636831283569 0.8627551598081882
0.5789371109008788 0.9064747522478871
0.5909105386734008 0.9584536988635263
0.6028839664459228 1.0130118397003505
0.6148573942184448 1.0595956912112867
0.6268308219909667 1.1168169535112684
0.6388042497634887 1.1462122588993153
0.6507776775360107 1.183113635591352
0.6627511053085327 1.1986286247548636
0.6747245330810546 1.1941931474237664
0.6866979608535766 1.1813349158733784
0.6986713886260986 1.1630956109090491
0.7106448163986205 1.1387548963544265
0.7226182441711425 1.0958303122940138
0.7345916719436645 1.0607267156570124
0.7465650997161865 1.0288512093138007
0.7585385274887084 0.9975593817869061
0.7705119552612304 0.9809257629333191
0.7824853830337524 0.9636628500948151
0.7944588108062743 0.9511419795493651
0.8064322385787963 0.9368062054334799
0.8184056663513183 0.9288147647781306
0.8303790941238403 0.9301378681343667
0.8423525218963622 0.9317424731922761
0.8543259496688842 0.9418776223494717
0.8662993774414062 0.9526911667552859
0.8782728052139281 0.9701433850112336
0.8902462329864501 0.9895191401658937
0.9022196607589721 1.004313427319118
0.9141930885314941 1.0155533418269245
0.926166516304016 1.0257435977137515
0.938139944076538 1.0377529496714641
0.95011337184906 1.0467284150325784
0.962086799621582 1.0571997653739835
0.9740602273941039 1.0594895150154005
0.9860336551666259 1.057241267144967
0.9980070829391479 1.0589361466837173
1.00998051071167 1.0562775390683832
1.0219539384841918 1.0441212700515503
1.0339273662567139 1.0343724334403146
1.0459007940292357 1.026278298681777
1.0578742218017578 1.0173995472501915
1.0698476495742797 1.0089974882705162
1.0818210773468018 0.9993541407763993
1.0937945051193236 0.9940111289432346
1.1057679328918457 0.9891276131489074
1.1177413606643678 0.9875307643289483
1.1297147884368897 0.9825121501578903
1.1416882162094115 0.9812203562328308
1.1536616439819336 0.9842575358452024
1.1656350717544557 0.986540532370199
1.1776084995269775 0.9923637200872208
1.1895819272994994 0.996933669753329
1.2015553550720215 1.0043475913469115
1.2135287828445436 1.009916984217522
1.2255022106170654 1.0121872204342817
1.2374756383895873 1.0215188226357337
1.2494490661621094 1.0215346086536459
1.2614224939346315 1.0215821821485065
1.2733959217071533 1.0223679701793709
1.2853693494796752 1.0231191942316027
