0.1 0.0
0.11140863800048828 0.0
0.12281727600097657 0.0
0.13422591400146483 0.0
0.14563455200195313 0.0
0.1570431900024414 0.0
0.16845182800292968 0.0
0.17986046600341798 0.0
0.19126910400390623 0.0
0.20267774200439453 0.0
0.2140863800048828 0.0
0.22549501800537108 0.0
0.23690365600585936 0.0
0.24831229400634763 0.0
0.25972093200683594 8.601563610833185e-06
0.2711295700073242 0.00014996542446223026
0.2825382080078125 0.015488893292382335
0.2939468460083008 0.185411145644163
0.30535548400878904 0.7248839899057996
0.31676412200927734 1.5012712150431722
0.3281727600097656 2.1267051858413977
0.3395813980102539 2.3887479637810127
0.3509900360107422 2.3492207412197352
0.3623986740112305 2.1502559834451236
0.3738073120117187 1.9203202309414422
0.385215950012207 1.6789030262917999
0.3966245880126953 1.4645955556992432
0.4080332260131836 1.283897886559898
0.4194418640136719 1.1459286463624008
0.4308505020141601 1.0213758817182137
0.4422591400146484 0.9319502131752129
0.4536677780151367 0.8585864452339684
0.465076416015625 0.8067029672487649
0.4764850540161133 0.776544376538499
0.4878936920166015 0.7482573408115402
0.4993023300170898 0.7296655376534247
0.5107109680175781 0.7301864475851155
0.5221196060180664 0.7293078963126544
0.5335282440185547 0.7508712057051247
0.5449368820190429 0.7707781590292239
0.5563455200195312 0.8066301959153552
0.5677541580200195 0.8564975684803786
0.5791627960205078 0.8918779648386043
0.5905714340209961 0.941524029945654
0.6019800720214843 0.9999116089350081
0.6133887100219726 1.0535894814974944
0.6247973480224609 1.0945306185684733
0.6362059860229491 1.129736437092749
0.6476146240234374 1.1718269294954249
0.6590232620239257 1.1940349877089005
0.670431900024414 1.2054000042391337
0.6818405380249023 1.2003183601725917
0.6932491760253905 1.175276537307285
0.7046578140258788 1.14956294286073
0.7160664520263671 1.123002185821062
0.7274750900268554 1.0900452862259924
0.7388837280273437 1.0635156218153972
0.7502923660278319 1.0301509973902554
0.7617010040283202 1.0041544547569303
0.7731096420288085 0.9820650957544345
0.7845182800292968 0.9597226664790276
0.7959269180297851 0.9427492174452392
0.8073355560302733 0.9323743779968385
0.8187441940307616 0.9245204406623335
0.8301528320312499 0.9293265548874852
0.8415614700317382 0.9328999000212606
0.8529701080322265 0.9358088891577566
0.8643787460327147 0.9416199344711369
0.875787384033203 0.9615471498655433
0.8871960220336913 0.9776190974538833
0.8986046600341796 0.9917372601328828
0.9100132980346679 1.0037585746514213
0.9214219360351561 1.017396989546741
0.9328305740356444 1.030381397841714
0.9442392120361327 1.0399109250251404
0.955647850036621 1.05206925596041
0.9670564880371093 1.0591749530837793
0.9784651260375975 1.05937201463977
0.9898737640380858 1.0575104959791495
1.0012824020385742 1.0536838763173362
1.0126910400390625 1.0495288960981868
1.0240996780395508 1.0446431357171964
1.035508316040039 1.0359024400314474
1.0469169540405272 1.0335217671084984
1.0583255920410155 1.0235848040416973
1.0697342300415038 1.0151217480954189
1.0811428680419921 1.0079982612027636
1.0925515060424804 0.9975793930949749
1.1039601440429687 0.9934813772938555
1.115368782043457 0.9874287424499493
1.1267774200439453 0.9804182180354242
1.1381860580444336 0.9847393280459427
1.149594696044922 0.986366667936761
1.1610033340454102 0.9818916367418118
1.1724119720458983 0.9830320471916167
1.1838206100463866 0.9892498973883568
1.195229248046875 0.9955312052287166
1.2066378860473632 1.0005778857791008
1.2180465240478515 1.006591760327503
1.2294551620483398 1.0118407153553246
