0.1 0.0
0.1124929084777832 0.0
0.1249858169555664 0.0
0.1374787254333496 0.0
0.14997163391113283 0.0
0.162464542388916 0.0
0.17495745086669923 0.0
0.18745035934448243 0.0
0.19994326782226562 0.0
0.21243617630004882 0.0
0.22492908477783202 0.0
0.23742199325561522 0.0
0.24991490173339845 0.0
0.26240781021118165 0.0
0.2749007186889648 0.002006841539711304
0.28739362716674804 0.063831514143266
0.29988653564453127 0.44848073556056517
0.31237944412231444 1.2464399555814674
0.3248723526000976 2.009208457357731
0.33736526107788084 2.3794803697969202
0.34985816955566407 2.370757080395321
0.36235107803344724 2.1541989937127286
0.3748439865112304 1.8778405874663993
0.3873368949890137 1.6394847786305018
0.39982980346679686 1.406723370734594
0.41232271194458003 1.231909681308255
0.4248156204223633 1.0756411130682897
0.4373085289001465 0.9670145281173248
0.44980143737792966 0.8796812914046758
0.46229434585571283 0.8159372253550529
0.4747872543334961 0.7712322814201542
0.4872801628112793 0.7374593812695136
0.49977307128906245 0.7202815959155311
0.5122659797668457 0.7211961479816836
0.5247588882446289 0.7353238370475563
0.5372517967224121 0.7596060291194058
0.5497447052001952 0.7992368813947608
0.5622376136779785 0.8385350700117563
0.5747305221557617 0.8875232987922644
0.5872234306335449 0.9433198372785896
0.599716339111328 0.9964070497534919
0.6122092475891113 1.052128584875529
0.6247021560668945 1.110187745421857
0.6371950645446777 1.1558984082497068
0.6496879730224608 1.1843927161896093
0.6621808815002441 1.1976275805522656
0.6746737899780273 1.1966138117906011
0.6871666984558105 1.1844999745795706
0.6996596069335937 1.1590342967017346
0.7121525154113769 1.1333586370242532
0.7246454238891601 1.0987782954792484
0.7371383323669433 1.0644302415742628
0.7496312408447265 1.0283132388509608
0.7621241493225097 0.9979221396230805
0.7746170578002929 0.9757012275926124
0.7871099662780761 0.9497034539776725
0.7996028747558593 0.9335494897338718
0.8120957832336425 0.9273875866700766
0.8245886917114257 0.9261958920646671
0.837081600189209 0.9271295209033774
0.8495745086669921 0.9331516452283753
0.8620674171447753 0.9460283689549759
0.8745603256225585 0.9596197886979211
0.8870532341003418 0.9827332816318791
0.8995461425781249 1.0001587214194156
0.9120390510559081 1.0182152282013046
0.9245319595336914 1.032954558568185
0.9370248680114746 1.0416170794691642
0.9495177764892577 1.0522217296997856
0.9620106849670409 1.0575936261548764
0.9745035934448242 1.0629430942923175
0.9869965019226073 1.060181441261448
0.9994894104003905 1.0577603383231995
1.0119823188781738 1.050829904855754
1.024475227355957 1.0406838040375646
1.0369681358337401 1.0330618707892543
1.0494610443115233 1.0240007953105066
1.0619539527893067 1.0161322889727438
1.0744468612670899 1.0066682760784427
1.086939769744873 0.99941564326485
1.0994326782226562 0.9945291117830944
1.1119255867004394 0.9894319734157193
1.1244184951782228 0.9841587589992851
1.136911403656006 0.9844187514866747
1.1494043121337891 0.9859921787657895
1.1618972206115723 0.9870087633741944
1.1743901290893555 0.9937454862439394
1.1868830375671386 0.9954711027377056
1.1993759460449218 1.0000500410184006
1.2118688545227052 1.0040277993969469
1.2243617630004884 1.0085979988254903
1.2368546714782716 1.016699498391137
1.2493475799560547 1.0197968396303314
1.261840488433838 1.0235126088665345
1.274333396911621 1.0270558678538433
1.2868263053894042 1.0233921661443928
1.2993192138671876 1.0205514875840744
1.3118121223449708 1.016179452955264
1.324305030822754 1.0176906930866003
1.3367979393005371 1.0157359211872785
