0.1 0.0
0.10929701709747315 0.0
0.1185940341949463 0.0
0.12789105129241946 0.0
0.1371880683898926 0.0
0.14648508548736572 0.0
0.15578210258483888 0.0
0.16507911968231204 0.0
0.17437613677978517 0.0
0.1836731538772583 0.0
0.19297017097473146 0.0
0.20226718807220462 0.0
0.21156420516967775 0.0
0.22086122226715088 0.0
0.23015823936462404 0.0
0.23945525646209717 0.0
0.24875227355957033 0.0
0.2580492906570435 0.0
0.2673463077545166 3.486592284068597e-05
0.2766433248519897 0.0012861933219639593
0.28594034194946294 0.02808626705573709
0.29523735904693604 0.18631792684619833
0.3045343761444092 0.6097873084303231
0.31383139324188236 1.2244957167706567
0.32312841033935547 1.833278017603612
0.3324254274368287 2.2306642434177797
0.3417224445343018 2.3658073130352473
0.3510194616317749 2.361868016503237
0.3603164787292481 2.2428429446711626
0.3696134958267212 2.008011849038048
0.3789105129241943 1.8245484102626697
0.3882075300216675 1.6280766614401594
0.3975045471191406 1.4606359503789077
0.40680156421661384 1.2947451229481701
0.41609858131408695 1.1776508526418803
0.42539559841156005 1.062001062953711
0.43469261550903326 0.9743760560741781
0.44398963260650637 0.9096491504841222
0.45328664970397947 0.8697643045976308
0.4625836668014527 0.8221869559988544
0.4718806838989258 0.7806406267434599
0.481177700996399 0.7581386877475428
0.4904747180938721 0.7351341876977688
0.4997717351913452 0.7323372069226557
0.5090687522888184 0.7242423435877684
0.5183657693862915 0.7317907981635062
0.5276627864837646 0.7430388043476865
0.5369598035812378 0.7547871208032287
0.546256820678711 0.7756759836128928
0.5555538377761842 0.808364509894806
0.5648508548736573 0.8388654583219725
0.5741478719711304 0.8625869750151122
0.5834448890686036 0.9021534442256438
0.5927419061660767 0.9435954263128579
0.6020389232635498 0.9916995061860089
0.611335940361023 1.0365431819084667
0.6206329574584961 1.0792679887017644
0.6299299745559692 1.123370827630283
0.6392269916534424 1.1506167072579419
0.6485240087509155 1.164722322623928
0.6578210258483886 1.1881324262739006
0.6671180429458619 1.1950985137113603
0.676415060043335 1.1976297154741418
0.6857120771408082 1.1853311723104654
0.6950090942382813 1.165980862662364
0.7043061113357544 1.149651373315673
0.7136031284332276 1.1250460618924383
0.7229001455307007 1.0989051560352576
0.7321971626281739 1.0658790698343499
0.741494179725647 1.0473315716880085
0.7507911968231201 1.0252167578610856
0.7600882139205933 0.9973075390470995
0.7693852310180664 0.979448740528284
0.7786822481155395 0.962539742050557
0.7879792652130128 0.9495387210801264
0.7972762823104859 0.9390272000956312
0.806573299407959 0.934994771022821
0.8158703165054322 0.9267643812748522
0.8251673336029053 0.9220801018085496
0.8344643507003785 0.9321858746760068
0.8437613677978516 0.9338190429145119
0.8530583848953247 0.9364218732529241
0.8623554019927979 0.9495968576203446
0.871652419090271 0.9638495569138386
0.8809494361877442 0.9708589050804608
0.8902464532852173 0.9805645371028712
0.8995434703826904 0.9919132962937345
0.9088404874801637 1.0071761441182452
0.9181375045776368 1.0104061550232861
0.9274345216751099 1.0219907742196255
0.9367315387725831 1.0359149152904548
0.9460285558700562 1.0362564492452833
0.9553255729675293 1.046424593180973
0.9646225900650025 1.0506323846667314
0.9739196071624756 1.054756227694271
0.9832166242599488 1.0519493606044177
0.9925136413574219 1.0537711930041274
1.0018106584548951 1.0517764349141363
1.0111076755523682 1.0463992267554638
1.0204046926498413 1.0431402381390529
