0.605 -2097.7317
0.61 -2093.69
0.615 -2089.4102
0.62 -2085.625
0.625 -2083.043
0.63 -2081.7344
0.635 -2081.3445
0.64 -2081.5095
0.645 -2082.0615
0.65 -2081.9287
0.655 -2080.8376
0.66 -2078.7615
0.665 -2075.403
0.67 -2072.077
0.675 -2068.5217
0.68 -2064.841
0.685 -2061.8372
0.69 -2059.2344
0.695 -2057.176
0.7 -2054.4233
0.705 -2050.671
0.71 -2045.629
0.715 -2040.0398
0.72 -2034.029
0.725 -2027.6752
0.73 -2021.7837
0.735 -2017.1396
0.74 -2013.8335
0.745 -2012.4758
0.75 -2014.2062
0.755 -2019.046
0.76 -2027.0847
0.765 -2037.2076
0.77 -2048.2598
0.775 -2059.0579
0.78 -2069.7432
0.785 -2079.0374
0.79 -2086.4326
0.795 -2092.3289
0.8 -2097.1418
0.805 -2100.7634
0.81 -2103.1326
0.815 -2104.7913
0.82 -2106.0942
0.825 -2106.6885
0.83 -2106.592
0.835 -2105.9744
0.84 -2104.9463
0.845 -2102.6975
0.85 -2099.822
0.855 -2096.1267
0.86 -2092.6067
0.865 -2090.0078
0.87 -2088.1091
0.875 -2087.8403
0.88 -2088.3748
0.885 -2089.404
0.89 -2091.0183
0.895 -2092.1904
0.9 -2092.357
0.905 -2090.0793
0.91 -2085.8289
0.915 -2080.5789
0.92 -2073.4216
0.925 -2064.3435
0.93 -2053.2466
0.935 -2040.4066
0.94 -2026.7368
0.945 -2012.9769
0.95 -2000.2529
0.955 -1989.5443
0.96 -1981.0116
0.965 -1975.5863
0.97 -1972.7782
0.975 -1972.7133
0.98 -1975.2445
0.985 -1979.7834
0.99 -1985.5372
0.995 -1991.9438
1.0 -1998.6371
1.005 -2004.6678
1.01 -2009.6638
1.015 -2013.4805
1.02 -2015.9769
1.025 -2018.3065
1.03 -2019.4756
1.035 -2018.4272
1.04 -2015.9362
1.045 -2013.3741
1.05 -2009.9624
1.055 -2007.2198
1.06 -2005.9366
1.065 -2007.0717
1.07 -2010.7544
1.075 -2015.7952
1.08 -2020.4861
1.085 -2023.7313
1.09 -2026.1621
1.095 -2028.5543
1.1 -2030.1343
1.105 -2031.1218
1.11 -2032.5905
1.115 -2034.5538
1.12 -2038.109
1.125 -2042.4
1.13 -2046.4181
1.135 -2050.3203
1.14 -2053.9868
1.145 -2057.1067
1.15 -2059.7744
1.155 -2062.4614
1.16 -2066.2961
1.165 -2069.9658
1.17 -2073.2207
1.175 -2075.8447
1.18 -2076.8867
1.185 -2076.3496
1.19 -2074.0918
1.195 -2070.2039
1.2 -2066.5845
1.205 -2064.0154
1.21 -2063.831
1.215 -2066.2673
1.22 -2069.908
1.225 -2074.5293
1.23 -2078.5635
1.235 -2081.9438
1.24 -2084.4363
1.245 -2085.0916
1.25 -2083.219
1.255 -2080.2236
1.26 -2075.9412
1.265 -2069.9639
1.27 -2062.1565
1.275 -2053.0676
1.28 -2042.9172
1.285 -2033.0857
1.29 -2022.9396
1.295 -2012.8419
1.3 -2001.8638
1.305 -1991.3881
1.31 -1982.345
1.315 -1975.0139
1.32 -1969.7115
1.325 -1967.7856
1.33 -1969.0275
1.335 -1972.6257
1.34 -1978.0879
1.345 -1983.4121
1.35 -1987.354
1.355 -1990.6813
1.36 -1993.051
1.365 -1992.9974
1.37 -1991.8794
1.375 -1989.3522
1.38 -1986.4989
1.385 -1983.9977
1.39 -1982.403
1.395 -1980.6709
1.4 -1980.114
1.405 -1980.7513
1.41 -1981.9916
1.415 -1984.1163
1.42 -1987.537
1.425 -1991.9999
1.43 -1997.0226
1.435 -2000.8285
1.44 -2003.3546
1.445 -2005.067
1.45 -2005.6339
1.455 -2005.2505
1.46 -2003.0946
1.465 -1999.8029
1.47 -1995.9929
1.475 -1992.0758
1.48 -1988.2234
1.485 -1984.5343
1.49 -1980.8502
1.495 -1976.1818
1.5 -1971.8121
1.505 -1966.9056
1.51 -1961.1257
1.515 -1954.4473
1.52 -1949.2523
1.525 -1945.6029
1.53 -1943.6703
1.535 -1944.5807
1.54 -1947.7506
1.545 -1953.2295
1.55 -1961.0825
1.555 -1970.573
1.56 -1981.5042
1.565 -1993.8906
1.57 -2006.5249
1.575 -2018.1116
1.58 -2028.4014
1.585 -2035.6804
1.59 -2040.2224
1.595 -2042.1099
1.6 -2041.2977
1.605 -2038.5077
1.61 -2034.2753
1.615 -2028.7435
1.62 -2022.2224
1.625 -2014.4071
1.63 -2004.6345
1.635 -1991.9712
1.64 -1976.6534
1.645 -1961.404
1.65 -1947.0442
1.655 -1935.124
1.66 -1925.2324
1.665 -1918.2151
1.67 -1914.2894
1.675 -1913.5354
1.68 -1914.4622
1.685 -1917.3468
1.69 -1921.469
1.695 -1926.0034
1.7 -1930.5759
1.705 -1934.7358
1.71 -1939.0142
1.715 -1942.867
1.72 -1945.1934
1.725 -1945.953
1.73 -1945.601
1.735 -1944.7058
1.74 -1943.839
1.745 -1943.827
1.75 -1944.7234
1.755 -1947.0261
1.76 -1950.3469
1.765 -1954.4475
1.77 -1959.4484
1.775 -1965.5634
1.78 -1972.5906
1.785 -1980.209
1.79 -1987.8373
1.795 -1994.1145
1.8 -1998.5502
1.805 -2000.8502
1.81 -2001.3702
1.815 -2000.4858
1.82 -1999.049
1.825 -1997.2958
1.83 -1995.0516
1.835 -1992.8024
1.84 -1991.1478
1.845 -1989.6576
1.85 -1987.9509
1.855 -1985.1658
1.86 -1980.332
1.865 -1973.1675
1.87 -1963.7163
1.875 -1952.7686
1.88 -1941.2192
1.885 -1929.5415
1.89 -1919.1833
1.895 -1910.3977
1.9 -1902.8751
1.905 -1897.5168
1.91 -1894.1602
1.915 -1892.0023
1.92 -1890.9312
1.925 -1891.3905
1.93 -1892.5195
1.935 -1893.8727
1.94 -1895.0885
1.945 -1896.4161
1.95 -1897.1732
1.955 -1896.57
1.96 -1894.7156
1.965 -1893.2518
1.97 -1893.8711
1.975 -1896.3807
1.98 -1901.4303
1.985 -1908.718
1.99 -1917.7092
1.995 -1925.992
2.0 -1932.6144
2.005 -1936.5951
2.01 -1937.7725
2.015 -1937.3245
2.02 -1935.376
2.025 -1932.8494
2.03 -1930.0377
2.035 -1927.7072
2.04 -1925.9324
2.045 -1925.0027
2.05 -1926.0985
2.055 -1929.3505
2.06 -1934.3395
2.065 -1940.818
2.07 -1948.2227
2.075 -1955.8351
2.08 -1962.4796
2.085 -1967.9402
2.09 -1972.3549
2.095 -1974.8136
2.1 -1973.9441
2.105 -1970.3804
2.11 -1965.3801
2.115 -1958.7214
2.12 -1950.407
2.125 -1940.8068
2.13 -1930.4766
2.135 -1919.6691
2.14 -1908.7303
2.145 -1899.0376
2.15 -1891.1161
2.155 -1884.1554
2.16 -1879.9556
2.165 -1879.1332
2.17 -1882.3112
2.175 -1888.7424
2.18 -1897.3169
2.185 -1906.6991
2.19 -1916.0801
2.195 -1924.7059
2.2 -1932.666
2.205 -1939.1212
2.21 -1944.6133
2.215 -1948.4717
2.22 -1950.3685
2.225 -1950.362
2.23 -1949.0494
2.235 -1946.8364
2.24 -1943.6558
2.245 -1939.9576
2.25 -1936.5099
2.255 -1934.9153
2.26 -1934.7064
2.265 -1935.9855
2.27 -1938.0253
2.275 -1940.9065
2.28 -1943.7858
2.285 -1946.7091
2.29 -1949.4617
2.295 -1951.2936
2.3 -1951.8241
2.305 -1950.5957
2.31 -1948.0605
2.315 -1943.6748
2.32 -1938.4751
2.325 -1933.5662
2.33 -1928.7866
2.335 -1924.665
2.34 -1921.6088
2.345 -1919.1757
2.35 -1917.9548
2.355 -1919.1443
2.36 -1922.0667
2.365 -1926.5815
2.37 -1931.4207
2.375 -1936.7528
2.38 -1941.2545
2.385 -1943.2777
2.39 -1943.8632
2.395 -1942.4868
2.4 -1940.0493
2.405 -1935.9401
2.41 -1931.2942
2.415 -1927.2341
2.42 -1923.5488
2.425 -1919.0217
2.43 -1913.2695
2.435 -1907.0408
2.44 -1901.2963
2.445 -1896.8196
2.45 -1893.3851
2.455 -1890.8502
2.46 -1889.8011
2.465 -1889.9387
2.47 -1890.3522
2.475 -1890.1923
2.48 -1889.0825
2.485 -1887.7731
2.49 -1886.2417
2.495 -1885.7693
2.5 -1886.9678
2.505 -1889.5146
2.51 -1893.266
2.515 -1897.6759
2.52 -1902.3818
2.525 -1906.818
2.53 -1911.5986
2.535 -1915.4003
2.54 -1918.15
2.545 -1918.7094
2.55 -1916.812
2.555 -1914.1897
2.56 -1910.8771
2.565 -1906.9854
2.57 -1902.9629
2.575 -1899.5864
2.58 -1897.2147
2.585 -1894.314
2.59 -1890.3152
2.595 -1885.6104
2.6 -1879.7847
2.605 -1872.7069
2.61 -1865.9868
2.615 -1860.4852
2.62 -1856.4135
2.625 -1853.7318
2.63 -1852.8981
2.635 -1853.2782
2.64 -1854.1924
2.645 -1856.4822
2.65 -1859.7396
2.655 -1863.9675
2.66 -1869.6079
2.665 -1876.9686
2.67 -1884.9216
2.675 -1893.7704
2.68 -1903.99
2.685 -1913.7516
2.69 -1922.8192
2.695 -1930.9973
2.7 -1937.19
2.705 -1941.8976
2.71 -1944.5597
2.715 -1945.5013
2.72 -1944.5157
2.725 -1941.6412
2.73 -1937.2411
2.735 -1931.7589
2.74 -1924.8901
2.745 -1916.9255
2.75 -1908.7866
2.755 -1901.9548
2.76 -1897.6223
2.765 -1896.7461
2.77 -1898.3322
2.775 -1901.3951
2.78 -1904.9185
2.785 -1909.152
2.79 -1911.8236
2.795 -1913.4009
2.8 -1912.7092
2.805 -1910.5945
2.81 -1907.2476
2.815 -1902.7355
2.82 -1897.8602
2.825 -1894.7408
2.83 -1894.6018
2.835 -1895.6637
2.84 -1897.8334
2.845 -1899.7731
2.85 -1900.7137
2.855 -1900.7059
2.86 -1900.0546
2.865 -1898.964
2.87 -1896.9966
2.875 -1894.3865
2.88 -1891.2743
2.885 -1887.2388
2.89 -1882.0935
2.895 -1874.4888
2.9 -1866.6799
2.905 -1859.7482
2.91 -1854.4126
2.915 -1851.5583
2.92 -1851.839
2.925 -1853.9579
2.93 -1857.1844
2.935 -1860.6162
2.94 -1865.0383
2.945 -1869.4264
2.95 -1872.9556
2.955 -1875.6733
2.96 -1878.2166
2.965 -1880.0377
2.97 -1880.3729
2.975 -1881.1543
2.98 -1882.9598
2.985 -1885.6581
2.99 -1887.7878
2.995 -1888.8638
3.0 -1888.7661
3.005 -1888.371
3.01 -1887.941
3.015 -1886.6295
3.02 -1885.0789
3.025 -1882.3636
3.03 -1878.6194
3.035 -1872.727
3.04 -1865.8602
3.045 -1859.4724
3.05 -1853.9015
3.055 -1848.9303
3.06 -1843.6805
3.065 -1837.797
3.07 -1831.956
3.075 -1828.0792
3.08 -1826.1414
3.085 -1826.4934
3.09 -1828.4421
3.095 -1831.4844
3.1 -1835.2251
3.105 -1839.02
3.11 -1842.0765
3.115 -1843.7268
3.12 -1843.9993
3.125 -1843.3843
3.13 -1843.2086
3.135 -1843.6042
3.14 -1843.8008
3.145 -1843.5056
3.15 -1842.0471
3.155 -1840.2455
3.16 -1838.342
3.165 -1837.3998
3.17 -1837.7201
3.175 -1837.457
3.18 -1836.045
3.185 -1833.8716
3.19 -1829.9066
3.195 -1823.4354
3.2 -1815.9375
3.205 -1808.3372
3.21 -1803.9153
3.215 -1805.2225
3.22 -1811.1005
3.225 -1819.2378
3.23 -1828.4069
3.235 -1836.4303
3.24 -1841.1395
3.245 -1842.0074
3.25 -1839.8444
3.255 -1834.4285
3.26 -1825.3674
3.265 -1813.8645
3.27 -1799.6287
3.275 -1784.9996
3.28 -1772.2539
3.285 -1761.896
3.29 -1754.3722
3.295 -1750.6392
3.3 -1750.7936
3.305 -1753.1785
3.31 -1757.849
3.315 -1764.8964
3.32 -1771.7554
3.325 -1779.0422
3.33 -1786.8688
3.335 -1796.9034
3.34 -1808.633
3.345 -1820.3271
3.35 -1831.7993
3.355 -1842.7494
3.36 -1852.83
3.365 -1861.0408
3.37 -1867.0525
3.375 -1870.8478
3.38 -1871.2577
3.385 -1869.2927
3.39 -1865.4784
3.395 -1861.4004
3.4 -1856.6284
3.405 -1850.5791
3.41 -1844.048
3.415 -1838.5079
3.42 -1834.5801
3.425 -1832.0707
3.43 -1831.1996
3.435 -1829.4546
3.44 -1826.98
3.445 -1823.9829
3.45 -1819.9924
3.455 -1815.5627
3.46 -1811.3304
3.465 -1807.4703
3.47 -1803.7806
3.475 -1799.5758
3.48 -1795.703
3.485 -1791.8948
3.49 -1788.5076
3.495 -1786.0002
3.5 -1782.9491
3.505 -1779.8674
3.51 -1778.2186
3.515 -1779.3497
3.52 -1782.2057
3.525 -1786.8525
3.53 -1793.4542
3.535 -1801.7866
3.54 -1810.2649
3.545 -1817.5125
3.55 -1823.2406
3.555 -1827.7574
3.56 -1832.109
3.565 -1835.0979
3.57 -1836.8077
3.575 -1836.7603
3.58 -1835.6134
3.585 -1833.7574
3.59 -1830.8619
3.595 -1827.2274
3.6 -1822.1245
3.605 -1816.6893
3.61 -1811.4175
3.615 -1806.2654
3.62 -1800.1149
3.625 -1794.0576
3.63 -1788.36
3.635 -1782.7262
3.64 -1776.8389
3.645 -1770.4677
3.65 -1763.7144
3.655 -1758.4304
3.66 -1754.2349
3.665 -1750.5259
3.67 -1747.9934
3.675 -1746.7863
3.68 -1747.0503
3.685 -1749.6935
3.69 -1755.2047
3.695 -1762.8226
3.7 -1771.9779
3.705 -1782.1632
3.71 -1792.3289
3.715 -1801.6927
3.72 -1809.3512
3.725 -1815.7714
3.73 -1821.2809
3.735 -1826.8287
3.74 -1832.68
3.745 -1838.7057
3.75 -1844.8159
3.755 -1852.2054
3.76 -1859.7086
3.765 -1866.83
3.77 -1873.0884
3.775 -1877.6624
3.78 -1879.8003
3.785 -1880.6797
3.79 -1879.4149
3.795 -1876.5741
3.8 -1872.8846
3.805 -1868.3545
3.81 -1865.2993
3.815 -1862.9489
3.82 -1862.1616
3.825 -1862.3568
3.83 -1863.7747
3.835 -1866.6649
3.84 -1870.7683
3.845 -1875.5599
3.85 -1880.7604
3.855 -1886.7303
3.86 -1891.7098
3.865 -1895.3474
3.87 -1896.4957
3.875 -1895.51
3.88 -1894.438
3.885 -1892.1108
3.89 -1889.4038
3.895 -1886.9753
3.9 -1884.9183
3.905 -1883.0082
3.91 -1881.8505
3.915 -1881.2048
3.92 -1881.8561
3.925 -1882.4833
3.93 -1884.3579
3.935 -1886.6959
3.94 -1889.8032
3.945 -1894.5759
3.95 -1901.0497
3.955 -1908.4465
3.96 -1915.8953
3.965 -1921.8223
3.97 -1925.8068
3.975 -1927.7214
3.98 -1928.1432
3.985 -1927.3685
3.99 -1925.0192
3.995 -1921.7211
4.0 -1917.4476
4.005 -1912.7319
4.01 -1907.8689
4.015 -1902.7267
4.02 -1896.922
4.025 -1890.7954
4.03 -1882.9701
4.035 -1874.953
4.04 -1866.7474
4.045 -1858.345
4.05 -1848.6143
4.055 -1838.6506
4.06 -1829.9966
4.065 -1822.9858
4.07 -1818.708
4.075 -1817.5453
4.08 -1820.0128
4.085 -1825.3773
4.09 -1833.2521
4.095 -1843.0155
4.1 -1852.9575
4.105 -1861.9225
4.11 -1870.6814
4.115 -1878.1552
4.12 -1884.3434
4.125 -1889.245
4.13 -1891.9185
4.135 -1892.8668
4.14 -1892.303
4.145 -1890.4279
4.15 -1888.4016
4.155 -1887.4673
4.16 -1888.6152
4.165 -1891.8899
4.17 -1897.6604
4.175 -1905.4877
4.18 -1913.4269
4.185 -1920.4359
4.19 -1927.061
4.195 -1932.7186
4.2 -1936.9244
4.205 -1939.3859
4.21 -1939.8322
4.215 -1938.5548
4.22 -1935.4086
4.225 -1931.3314
4.23 -1926.6763
4.235 -1921.5791
4.24 -1916.3315
4.245 -1910.9246
4.25 -1904.7672
4.255 -1898.3965
4.26 -1891.256
4.265 -1883.0416
4.27 -1874.3583
4.275 -1865.8683
4.28 -1858.5902
4.285 -1853.4246
4.29 -1852.3455
4.295 -1856.3739
4.3 -1864.907
4.305 -1877.4899
4.31 -1891.519
4.315 -1905.2013
4.32 -1916.925
4.325 -1925.9946
4.33 -1932.3617
4.335 -1936.1034
4.34 -1937.2091
4.345 -1935.4048
4.35 -1931.5752
4.355 -1925.4349
4.36 -1916.0399
4.365 -1904.4421
4.37 -1892.3755
4.375 -1878.9781
4.38 -1865.8556
4.385 -1854.6598
4.39 -1845.3096
4.395 -1838.5353
4.4 -1833.9418
4.405 -1831.4812
4.41 -1830.7831
4.415 -1831.8829
4.42 -1834.5374
4.425 -1837.6315
4.43 -1841.0603
4.435 -1843.8451
4.44 -1845.1387
4.445 -1844.7588
4.45 -1841.6061
4.455 -1835.8561
4.46 -1829.215
4.465 -1822.6453
4.47 -1816.6967
4.475 -1811.6704
4.48 -1808.6821
4.485 -1809.401
4.49 -1814.2239
4.495 -1822.3191
4.5 -1831.7256
4.505 -1841.6356
4.51 -1851.4789
4.515 -1861.1267
4.52 -1870.6542
4.525 -1879.5515
4.53 -1887.0916
4.535 -1893.6238
4.54 -1898.7769
4.545 -1902.1415
4.55 -1903.385
4.555 -1902.6891
4.56 -1901.7839
4.565 -1900.2021
4.57 -1897.4978
4.575 -1894.4475
4.58 -1890.1903
4.585 -1883.9636
4.59 -1877.2029
4.595 -1869.999
4.6 -1863.4717
4.605 -1857.0889
4.61 -1852.8707
4.615 -1851.658
4.62 -1853.2968
4.625 -1857.9376
4.63 -1865.1962
4.635 -1874.256
4.64 -1885.1748
4.645 -1897.557
4.65 -1910.4927
4.655 -1922.733
4.66 -1934.4154
4.665 -1943.712
4.67 -1950.2588
4.675 -1954.1555
4.68 -1955.5253
4.685 -1954.6251
4.69 -1951.0184
4.695 -1945.8142
4.7 -1938.6758
4.705 -1930.1921
4.71 -1921.2588
4.715 -1912.4789
4.72 -1904.5665
4.725 -1896.3678
4.73 -1888.314
4.735 -1880.9796
4.74 -1874.8497
4.745 -1870.1598
4.75 -1866.8973
4.755 -1865.028
4.76 -1864.086
4.765 -1863.6084
4.77 -1862.5221
4.775 -1861.2661
4.78 -1861.0889
4.785 -1862.0365
4.79 -1863.4379
4.795 -1865.1852
4.8 -1867.788
4.805 -1870.9365
4.81 -1874.0547
4.815 -1876.4641
4.82 -1878.5632
4.825 -1879.4426
4.83 -1880.0311
4.835 -1879.4165
4.84 -1877.7991
4.845 -1874.2123
4.85 -1869.2588
4.855 -1863.8833
4.86 -1858.2942
4.865 -1852.812
4.87 -1848.4958
4.875 -1845.8839
4.88 -1844.1807
4.885 -1843.1884
4.89 -1842.6665
4.895 -1841.9951
4.9 -1840.8894
4.905 -1841.0974
4.91 -1843.59
4.915 -1848.665
4.92 -1854.7045
4.925 -1861.2526
4.93 -1867.059
4.935 -1871.7666
4.94 -1875.5793
4.945 -1879.0013
4.95 -1880.792
4.955 -1882.4425
4.96 -1884.6624
4.965 -1887.7893
4.97 -1891.1768
4.975 -1893.5325
4.98 -1896.1029
4.985 -1897.3438
4.99 -1896.5583
4.995 -1893.0476
5.0 -1888.1005
5.005 -1881.9966
5.01 -1875.775
5.015 -1871.61
5.02 -1869.0707
5.025 -1868.2749
5.03 -1869.3215
5.035 -1871.8467
5.04 -1875.8706
5.045 -1881.2048
5.05 -1886.8542
5.055 -1892.2053
5.06 -1897.111
5.065 -1901.6548
5.07 -1905.9032
5.075 -1909.524
5.08 -1911.8118
5.085 -1911.3427
5.09 -1908.949
5.095 -1905.2848
5.1 -1900.7826
5.105 -1896.4169
5.11 -1891.7378
5.115 -1886.5856
5.12 -1881.7332
5.125 -1877.7991
5.13 -1875.1445
5.135 -1873.5803
5.14 -1872.795
5.145 -1873.5735
5.15 -1875.4292
5.155 -1877.5504
5.16 -1879.4199
5.165 -1882.4597
5.17 -1887.6982
5.175 -1895.6776
5.18 -1905.6754
5.185 -1917.0115
5.19 -1929.0752
5.195 -1942.2782
5.2 -1953.5424
5.205 -1962.2192
5.21 -1968.2819
5.215 -1971.19
5.22 -1970.9332
5.225 -1967.9784
5.23 -1963.5532
5.235 -1959.8184
5.24 -1956.237
5.245 -1953.1028
5.25 -1951.408
5.255 -1951.7637
5.26 -1954.3931
5.265 -1958.5698
5.27 -1962.2814
5.275 -1964.3019
5.28 -1963.0438
5.285 -1958.5077
5.29 -1950.123
5.295 -1939.8374
5.3 -1927.3551
5.305 -1914.2322
5.31 -1901.0087
5.315 -1889.1858
5.32 -1878.7438
5.325 -1869.1924
5.33 -1861.2028
5.335 -1854.9971
5.34 -1851.327
5.345 -1851.0603
5.35 -1852.5264
5.355 -1856.134
5.36 -1859.9556
5.365 -1863.5355
5.37 -1866.3959
5.375 -1868.7097
5.38 -1870.4379
5.385 -1872.1486
5.39 -1874.8064
5.395 -1878.5175
5.4 -1884.4995
5.405 -1890.9299
5.41 -1896.6438
5.415 -1901.4996
5.42 -1904.9825
5.425 -1906.0054
5.43 -1904.0607
5.435 -1900.0146
5.44 -1894.9961
5.445 -1890.0885
5.45 -1886.2665
5.455 -1881.7695
5.46 -1876.5009
5.465 -1870.2317
5.47 -1863.0544
5.475 -1854.8766
5.48 -1847.8309
5.485 -1841.3843
5.49 -1836.786
5.495 -1835.3723
5.5 -1837.8674
5.505 -1844.1373
5.51 -1854.2295
5.515 -1866.7838
5.52 -1879.0204
5.525 -1891.1769
5.53 -1902.8628
5.535 -1913.4811
5.54 -1922.8762
5.545 -1930.0078
5.55 -1934.65
5.555 -1936.4404
5.56 -1934.7529
5.565 -1929.6895
5.57 -1921.6486
5.575 -1911.3658
5.58 -1901.3662
5.585 -1892.2604
5.59 -1885.9974
5.595 -1883.2683
5.6 -1883.2986
5.605 -1884.8457
5.61 -1886.4891
5.615 -1887.1838
5.62 -1886.4473
5.625 -1884.3481
5.63 -1879.8279
5.635 -1872.9535
5.64 -1864.3114
5.645 -1854.4307
5.65 -1842.8823
5.655 -1830.7727
5.66 -1819.347
5.665 -1808.0947
5.67 -1798.1829
5.675 -1790.4043
5.68 -1786.1366
5.685 -1785.0902
5.69 -1787.7596
5.695 -1794.9595
5.7 -1805.853
5.705 -1819.868
5.71 -1834.9292
5.715 -1849.912
5.72 -1863.9006
5.725 -1875.9236
5.73 -1885.6172
5.735 -1893.1526
5.74 -1899.297
5.745 -1902.5891
5.75 -1904.4751
5.755 -1905.7566
5.76 -1906.6742
5.765 -1906.7268
5.77 -1906.6111
5.775 -1907.1166
5.78 -1908.9332
5.785 -1911.0709
5.79 -1913.7649
5.795 -1917.2612
5.8 -1921.3025
5.805 -1925.9531
5.81 -1930.592
5.815 -1934.0995
5.82 -1936.462
5.825 -1936.3452
5.83 -1933.1938
5.835 -1926.6082
5.84 -1917.5634
5.845 -1907.7297
5.85 -1896.3362
5.855 -1884.4445
5.86 -1872.9883
5.865 -1861.7477
5.87 -1850.0055
5.875 -1839.7153
5.88 -1832.7332
5.885 -1829.1681
5.89 -1828.256
5.895 -1830.7295
5.9 -1835.9491
5.905 -1843.659
5.91 -1853.3575
5.915 -1864.1466
5.92 -1875.7866
5.925 -1887.9099
5.93 -1899.1558
5.935 -1910.1647
5.94 -1920.3572
5.945 -1929.06
5.95 -1936.3313
5.955 -1942.5626
5.96 -1948.5469
5.965 -1953.0323
5.97 -1956.7778
5.975 -1958.6024
5.98 -1956.7478
5.985 -1950.7235
5.99 -1940.5662
5.995 -1926.7063
6.0 -1910.1417
6.005 -1892.8608
6.01 -1876.9655
6.015 -1863.8612
6.02 -1853.4858
6.025 -1847.4125
6.03 -1844.8191
6.035 -1844.948
6.04 -1846.0184
6.045 -1846.9056
6.05 -1846.5352
6.055 -1844.7662
6.06 -1841.8809
6.065 -1838.2418
6.07 -1835.3909
6.075 -1834.2225
6.08 -1834.3495
6.085 -1835.6787
6.09 -1837.993
6.095 -1841.5988
6.1 -1846.4055
6.105 -1851.3013
6.11 -1855.58
6.115 -1858.752
6.12 -1861.0916
6.125 -1861.8535
6.13 -1861.1978
6.135 -1858.6555
6.14 -1853.7687
6.145 -1846.7968
6.15 -1837.7311
6.155 -1827.4358
6.16 -1817.2257
6.165 -1808.1482
6.17 -1801.5623
6.175 -1798.926
6.18 -1800.0403
6.185 -1804.4928
6.19 -1811.5161
6.195 -1819.6812
6.2 -1827.0774
6.205 -1834.046
6.21 -1839.7224
6.215 -1844.4248
6.22 -1847.5492
6.225 -1850.1543
6.23 -1852.4886
6.235 -1854.9703
6.24 -1857.2141
6.245 -1858.7773
6.25 -1860.7932
6.255 -1862.9271
6.26 -1865.0986
6.265 -1866.8022
6.27 -1867.8729
6.275 -1869.0773
6.28 -1871.1298
6.285 -1873.4644
6.29 -1875.2021
6.295 -1876.265
6.3 -1876.7258
6.305 -1876.4617
6.31 -1875.5277
6.315 -1873.109
6.32 -1870.5267
6.325 -1868.4756
6.33 -1868.1833
6.335 -1869.6875
6.34 -1872.8716
6.345 -1876.7716
6.35 -1881.5338
6.355 -1886.7648
6.36 -1892.4624
6.365 -1899.1981
6.37 -1906.6793
6.375 -1915.0726
6.38 -1924.1107
6.385 -1933.2563
6.39 -1941.3223
6.395 -1947.6844
6.4 -1953.3794
6.405 -1957.3513
6.41 -1959.3671
6.415 -1959.7477
6.42 -1957.9945
6.425 -1954.4095
6.43 -1949.8752
6.435 -1945.0308
6.44 -1941.1627
6.445 -1939.9088
6.45 -1940.6725
6.455 -1941.6398
6.46 -1941.3201
6.465 -1938.7808
6.47 -1934.6265
6.475 -1929.1733
6.48 -1922.469
6.485 -1915.0704
6.49 -1907.5062
6.495 -1899.7871
6.5 -1894.5874
6.505 -1892.102
6.51 -1892.1285
6.515 -1895.0657
6.52 -1900.2528
6.525 -1907.6257
6.53 -1916.19
6.535 -1924.7467
6.54 -1933.1207
6.545 -1941.5801
6.55 -1950.0079
6.555 -1958.1719
6.56 -1965.7513
6.565 -1973.565
6.57 -1980.7552
6.575 -1986.9742
6.58 -1993.0441
6.585 -1998.3024
6.59 -2002.192
6.595 -2004.54
6.6 -2004.1733
6.605 -2000.9558
6.61 -1995.5746
6.615 -1988.2483
6.62 -1977.8251
6.625 -1965.066
6.63 -1950.9137
6.635 -1936.6981
6.64 -1923.5378
6.645 -1912.5552
6.65 -1904.2924
6.655 -1898.4738
6.66 -1894.8971
6.665 -1893.9485
6.67 -1895.0967
6.675 -1898.7261
6.68 -1903.2601
6.685 -1908.4462
6.69 -1914.133
6.695 -1920.4497
6.7 -1925.4917
6.705 -1927.9977
6.71 -1928.896
6.715 -1928.5875
6.72 -1927.8363
6.725 -1927.0853
6.73 -1926.4076
6.735 -1925.8864
6.74 -1925.1254
6.745 -1924.7413
6.75 -1924.628
6.755 -1923.9458
6.76 -1922.5679
6.765 -1920.4913
6.77 -1918.1349
6.775 -1914.816
6.78 -1911.914
6.785 -1908.9816
6.79 -1907.0516
6.795 -1905.5231
6.8 -1904.7537
6.805 -1905.7593
6.81 -1907.4563
6.815 -1910.202
6.82 -1912.7188
6.825 -1916.0646
6.83 -1919.8763
6.835 -1924.5643
6.84 -1929.8335
6.845 -1935.9401
6.85 -1942.0134
6.855 -1947.7289
6.86 -1951.9515
6.865 -1954.9222
6.87 -1956.0415
6.875 -1956.0267
6.88 -1955.4503
6.885 -1954.9003
6.89 -1954.7781
6.895 -1955.6848
6.9 -1957.0436
6.905 -1959.334
6.91 -1961.2563
6.915 -1963.088
6.92 -1964.6171
6.925 -1966.0441
6.93 -1967.7235
6.935 -1969.6217
6.94 -1970.821
6.945 -1971.9104
6.95 -1972.4055
6.955 -1972.1876
6.96 -1970.6012
6.965 -1968.604
6.97 -1965.8706
6.975 -1963.464
6.98 -1962.3586
6.985 -1962.0094
6.99 -1962.3463
6.995 -1964.3687
7.0 -1968.1957
7.005 -1972.3317
7.01 -1976.4812
7.015 -1979.1747
7.02 -1980.8546
7.025 -1981.546
7.03 -1981.6246
7.035 -1980.2936
7.04 -1978.4209
7.045 -1974.4186
7.05 -1968.3323
7.055 -1960.2147
7.06 -1950.3988
7.065 -1938.4343
7.07 -1924.9482
7.075 -1910.5276
7.08 -1896.4935
7.085 -1882.9166
7.09 -1870.971
7.095 -1861.31
7.1 -1854.8807
7.105 -1851.8723
7.11 -1850.458
7.115 -1851.12
7.12 -1853.8384
7.125 -1856.9128
7.13 -1859.4762
7.135 -1862.3195
7.14 -1865.0331
7.145 -1867.3635
7.15 -1869.1895
7.155 -1868.7109
7.16 -1866.4039
7.165 -1862.4813
7.17 -1858.5267
7.175 -1854.0249
7.18 -1850.2908
7.185 -1847.8285
7.19 -1848.7246
7.195 -1852.6415
7.2 -1858.1063
7.205 -1865.5854
7.21 -1874.3307
7.215 -1885.7234
7.22 -1899.0516
7.225 -1913.0939
7.23 -1927.5605
7.235 -1941.5636
7.24 -1954.2249
7.245 -1964.9819
7.25 -1973.1721
7.255 -1978.813
7.26 -1981.7308
7.265 -1983.2977
7.27 -1983.3893
7.275 -1982.1783
7.28 -1979.7026
7.285 -1975.744
7.29 -1972.6871
7.295 -1971.4412
7.3 -1971.812
7.305 -1972.1678
7.31 -1973.0532
7.315 -1973.2324
7.32 -1971.3715
7.325 -1967.9641
7.33 -1962.9786
7.335 -1957.0177
7.34 -1951.6031
7.345 -1945.8945
7.35 -1940.6532
7.355 -1936.1761
7.36 -1931.4114
7.365 -1926.2175
7.37 -1921.2927
7.375 -1916.6909
7.38 -1913.1506
7.385 -1911.3629
7.39 -1911.8943
7.395 -1915.1951
7.4 -1921.2253
7.405 -1929.481
7.41 -1939.2815
7.415 -1950.0914
7.42 -1961.526
7.425 -1972.7865
7.43 -1983.0049
7.435 -1990.7242
7.44 -1995.6652
7.445 -1998.8046
7.45 -1999.71
7.455 -1998.2498
7.46 -1994.8425
7.465 -1990.3916
7.47 -1984.3558
7.475 -1977.549
7.48 -1970.057
7.485 -1963.0063
7.49 -1956.82
7.495 -1951.1993
7.5 -1947.269
7.505 -1945.8368
7.51 -1947.5612
7.515 -1951.5697
7.52 -1957.7587
7.525 -1964.5281
7.53 -1969.2151
7.535 -1972.3462
7.54 -1973.6534
7.545 -1974.0978
7.55 -1973.6027
7.555 -1971.8542
7.56 -1969.2701
7.565 -1967.7777
7.57 -1967.1332
7.575 -1965.687
7.58 -1964.4434
7.585 -1964.3271
7.59 -1965.024
7.595 -1965.8003
7.6 -1966.7316
7.605 -1967.6316
7.61 -1968.2963
7.615 -1968.9006
7.62 -1969.5065
7.625 -1970.5134
7.63 -1971.5787
7.635 -1973.3729
7.64 -1975.585
7.645 -1976.7672
7.65 -1975.3412
7.655 -1972.4546
7.66 -1968.797
7.665 -1965.7643
7.67 -1964.3181
7.675 -1965.011
7.68 -1968.2019
7.685 -1973.5529
7.69 -1979.9818
7.695 -1986.4014
7.7 -1992.2076
7.705 -1996.8875
7.71 -2001.4878
7.715 -2005.2573
7.72 -2007.4712
7.725 -2008.205
7.73 -2008.2625
7.735 -2007.199
7.74 -2005.4677
7.745 -2002.8783
7.75 -2000.2146
7.755 -1997.0806
7.76 -1993.0385
7.765 -1988.4462
7.77 -1982.9208
7.775 -1975.0278
7.78 -1965.1443
7.785 -1954.7424
7.79 -1944.0725
7.795 -1935.0006
7.8 -1927.1123
7.805 -1921.0864
7.81 -1916.9312
7.815 -1915.1926
7.82 -1916.3047
7.825 -1919.895
7.83 -1925.6102
7.835 -1932.4791
7.84 -1940.035
7.845 -1947.9119
7.85 -1956.0334
7.855 -1963.5637
7.86 -1969.0579
7.865 -1974.5642
7.87 -1980.4124
7.875 -1987.021
7.88 -1994.754
7.885 -2002.7417
7.89 -2011.5302
7.895 -2020.5946
7.9 -2028.603
7.905 -2035.0924
7.91 -2039.6896
7.915 -2041.7965
7.92 -2041.2468
7.925 -2038.1604
7.93 -2032.9219
7.935 -2025.7958
7.94 -2017.265
7.945 -2008.8356
7.95 -1999.716
7.955 -1989.9061
7.96 -1980.2057
7.965 -1970.2362
7.97 -1960.825
7.975 -1952.6873
7.98 -1946.7926
7.985 -1943.6222
7.99 -1943.6162
7.995 -1946.2523
8.0 -1950.8248
8.005 -1955.2036
8.01 -1958.9188
8.015 -1962.732
8.02 -1965.9998
8.025 -1968.1951
8.03 -1968.4434
8.035 -1966.6456
8.04 -1961.8975
8.045 -1954.4625
8.05 -1945.1503
8.055 -1934.375
8.06 -1921.9214
8.065 -1909.3384
8.07 -1897.7805
8.075 -1886.9292
8.08 -1877.847
8.085 -1871.293
8.09 -1869.3575
8.095 -1872.2815
8.1 -1879.0508
8.105 -1888.934
8.11 -1901.931
8.115 -1916.9431
8.12 -1932.1838
8.125 -1945.0759
8.13 -1955.2274
8.135 -1963.5338
8.14 -1970.6964
8.145 -1977.3015
8.15 -1983.0547
8.155 -1987.3843
8.16 -1989.6704
8.165 -1990.6165
8.17 -1990.2012
8.175 -1988.0719
8.18 -1983.8118
8.185 -1978.7622
8.19 -1972.7167
8.195 -1965.8391
8.2 -1958.2537
8.205 -1950.5555
8.21 -1943.5541
8.215 -1937.3135
8.22 -1932.1473
8.225 -1927.9565
8.23 -1924.3158
8.235 -1920.3475
8.24 -1916.193
8.245 -1912.0087
8.25 -1907.8215
8.255 -1904.2208
8.26 -1901.7357
8.265 -1900.1901
8.27 -1899.3228
8.275 -1898.9576
8.28 -1898.5426
8.285 -1898.4767
8.29 -1898.0499
8.295 -1897.4863
8.3 -1896.079
8.305 -1894.9674
8.31 -1894.8154
8.315 -1895.4032
8.32 -1897.4397
8.325 -1900.1376
8.33 -1903.2922
8.335 -1907.5095
8.34 -1912.8281
8.345 -1917.8319
8.35 -1922.506
8.355 -1926.818
8.36 -1930.0237
8.365 -1932.612
8.37 -1934.1399
8.375 -1934.1534
8.38 -1933.3212
8.385 -1932.5646
8.39 -1932.5828
8.395 -1933.5609
8.4 -1936.4094
8.405 -1940.3416
8.41 -1945.5107
8.415 -1950.6431
8.42 -1954.534
8.425 -1956.1317
8.43 -1954.9581
8.435 -1951.1671
8.44 -1945.887
8.445 -1939.6288
8.45 -1933.7388
8.455 -1929.4391
8.46 -1926.3431
8.465 -1924.8496
8.47 -1925.6804
8.475 -1925.5106
8.48 -1923.984
8.485 -1919.8918
8.49 -1912.435
8.495 -1902.5634
8.5 -1890.8844
8.505 -1878.6168
8.51 -1867.808
8.515 -1859.5609
8.52 -1853.5734
8.525 -1851.1115
8.53 -1851.4584
8.535 -1854.5242
8.54 -1859.4839
8.545 -1866.1187
8.55 -1875.3373
8.555 -1886.0787
8.56 -1896.5452
8.565 -1907.0979
8.57 -1918.3334
8.575 -1928.9034
8.58 -1938.8314
8.585 -1948.2686
8.59 -1957.3693
8.595 -1965.5724
8.6 -1972.4175
8.605 -1979.8077
8.61 -1986.4319
8.615 -1992.4388
8.62 -1996.985
8.625 -2000.0499
8.63 -2001.4125
8.635 -2001.7659
8.64 -2001.4749
8.645 -1999.8644
8.65 -1997.0013
8.655 -1994.0422
8.66 -1992.0461
8.665 -1991.0967
8.67 -1989.8335
8.675 -1988.7842
8.68 -1988.3481
8.685 -1988.0083
8.69 -1987.4495
8.695 -1985.884
8.7 -1982.3943
8.705 -1976.6665
8.71 -1968.908
8.715 -1959.3174
8.72 -1949.5026
8.725 -1939.3579
8.73 -1928.7642
8.735 -1917.7268
8.74 -1906.1384
8.745 -1893.7676
8.75 -1880.0884
8.755 -1865.3564
8.76 -1851.2369
8.765 -1838.4297
8.77 -1827.7704
8.775 -1820.3893
8.78 -1816.0736
8.785 -1814.5013
8.79 -1816.1418
8.795 -1819.4625
8.8 -1823.2537
8.805 -1827.5482
8.81 -1832.1984
8.815 -1837.3668
8.82 -1843.9801
8.825 -1850.6317
8.83 -1856.8225
8.835 -1862.2139
8.84 -1866.7284
8.845 -1870.5336
8.85 -1873.862
8.855 -1876.6189
8.86 -1879.4752
8.865 -1882.3038
8.87 -1884.1952
8.875 -1885.5155
8.88 -1886.3615
8.885 -1886.9177
8.89 -1888.2502
8.895 -1890.3315
8.9 -1893.0376
8.905 -1895.8027
8.91 -1898.8579
8.915 -1900.9011
8.92 -1901.603
8.925 -1899.9321
8.93 -1896.0078
8.935 -1890.9797
8.94 -1885.5757
8.945 -1880.5281
8.95 -1875.9092
8.955 -1873.1561
8.96 -1872.8309
8.965 -1874.8345
8.97 -1878.7942
8.975 -1883.5508
8.98 -1889.645
8.985 -1896.4073
8.99 -1903.3274
8.995 -1909.62
9.0 -1916.0475
9.005 -1921.3774
9.01 -1925.3304
9.015 -1927.4631
9.02 -1928.3955
9.025 -1928.087
9.03 -1926.1337
9.035 -1922.4249
9.04 -1916.5444
9.045 -1909.6874
9.05 -1903.5947
9.055 -1898.4237
9.06 -1895.7139
9.065 -1896.1229
9.07 -1898.3729
9.075 -1901.3923
9.08 -1905.0411
9.085 -1908.0941
9.09 -1909.8763
9.095 -1909.494
9.1 -1906.5353
9.105 -1900.0638
9.11 -1889.6823
9.115 -1875.9435
9.12 -1859.8036
9.125 -1842.0864
9.13 -1825.3197
9.135 -1810.4839
9.14 -1799.7302
9.145 -1793.7207
9.15 -1792.2943
9.155 -1793.6295
9.16 -1798.1158
9.165 -1806.1129
9.17 -1816.8783
9.175 -1830.7208
9.18 -1846.9615
9.185 -1865.0558
9.19 -1885.1293
9.195 -1905.855
9.2 -1924.2583
9.205 -1939.4087
9.21 -1951.122
9.215 -1959.0244
9.22 -1963.1305
9.225 -1964.3313
9.23 -1963.7842
9.235 -1962.5681
9.24 -1960.7279
9.245 -1959.6389
9.25 -1959.6707
9.255 -1960.7012
9.26 -1962.5175
9.265 -1964.8743
9.27 -1966.3519
9.275 -1966.8594
9.28 -1966.6361
9.285 -1965.6484
9.29 -1963.269
9.295 -1959.581
9.3 -1953.5255
9.305 -1946.0825
9.31 -1935.5238
9.315 -1922.9697
9.32 -1908.3235
9.325 -1892.378
9.33 -1876.629
9.335 -1862.3264
9.34 -1850.609
9.345 -1841.9825
9.35 -1834.9397
9.355 -1829.7009
9.36 -1825.1053
9.365 -1821.4979
9.37 -1818.9849
9.375 -1816.4432
9.38 -1814.182
9.385 -1812.6007
9.39 -1813.0411
9.395 -1816.0669
9.4 -1822.2533
9.405 -1832.1895
9.41 -1843.5991
9.415 -1855.9713
9.42 -1867.9675
9.425 -1878.4302
9.43 -1886.954
9.435 -1893.7717
9.44 -1897.5765
9.445 -1898.3966
9.45 -1897.424
9.455 -1896.3423
9.46 -1895.6742
9.465 -1895.3049
9.47 -1897.052
9.475 -1901.8298
9.48 -1908.0168
9.485 -1914.6913
9.49 -1921.6991
9.495 -1928.4296
9.5 -1933.6782
9.505 -1938.5289
9.51 -1942.9407
9.515 -1946.3939
9.52 -1948.9277
9.525 -1950.388
9.53 -1950.0282
9.535 -1949.3383
9.54 -1948.5403
9.545 -1949.0895
9.55 -1950.9479
9.555 -1953.7843
9.56 -1955.7667
9.565 -1956.7083
9.57 -1956.2867
9.575 -1954.0427
9.58 -1949.3478
9.585 -1942.5464
9.59 -1933.5127
9.595 -1922.2891
9.6 -1907.7168
9.605 -1891.1722
9.61 -1874.44
9.615 -1857.5005
9.62 -1841.5563
9.625 -1828.3763
9.63 -1817.6193
9.635 -1809.855
9.64 -1804.4414
9.645 -1801.4807
9.65 -1799.5057
9.655 -1798.08
9.66 -1798.2657
9.665 -1800.1554
9.67 -1802.3104
9.675 -1805.1084
9.68 -1807.5391
9.685 -1809.1831
9.69 -1810.6418
9.695 -1812.1595
9.7 -1813.6132
9.705 -1814.813
9.71 -1816.4557
9.715 -1818.4214
9.72 -1819.7261
9.725 -1820.4934
9.73 -1821.2489
9.735 -1822.5282
9.74 -1824.3331
9.745 -1825.7186
9.75 -1826.349
9.755 -1825.6902
9.76 -1823.1958
9.765 -1818.3237
9.77 -1812.8611
9.775 -1807.9363
9.78 -1803.5127
9.785 -1800.8318
9.79 -1802.2058
9.795 -1808.0269
9.8 -1817.4393
9.805 -1829.8955
9.81 -1844.3662
9.815 -1857.6377
9.82 -1868.2885
9.825 -1876.0447
9.83 -1880.9805
9.835 -1883.4926
9.84 -1883.6028
9.845 -1881.3485
9.85 -1876.6426
9.855 -1870.8903
9.86 -1863.6588
9.865 -1856.1052
9.87 -1849.6042
9.875 -1844.4558
9.88 -1841.5208
9.885 -1840.8546
9.89 -1843.9634
9.895 -1851.4912
9.9 -1861.8494
9.905 -1872.7399
9.91 -1882.8505
9.915 -1891.865
9.92 -1899.6139
9.925 -1904.9272
9.93 -1908.1195
9.935 -1909.4318
9.94 -1908.6768
9.945 -1906.2815
9.95 -1903.6869
9.955 -1901.0249
9.96 -1899.3179
9.965 -1898.4523
9.97 -1898.3806
9.975 -1900.191
9.98 -1903.1929
9.985 -1906.1058
9.99 -1907.9851
9.995 -1908.9392
10.0 -1908.8588
10.005 -1907.456
10.01 -1905.8678
10.015 -1905.1548
10.02 -1906.868
10.025 -1911.0553
10.03 -1915.3184
10.035 -1919.8943
10.04 -1924.2842
10.045 -1929.0874
10.05 -1933.391
10.055 -1936.6793
10.06 -1939.3647
10.065 -1941.84
10.07 -1944.3784
10.075 -1948.1301
10.08 -1953.0277
10.085 -1958.3818
10.09 -1963.8687
10.095 -1969.2467
10.1 -1974.447
10.105 -1979.9001
10.11 -1985.1543
10.115 -1989.7811
10.12 -1993.3922
10.125 -1996.1306
10.13 -1997.697
10.135 -1999.393
10.14 -2000.6917
10.145 -2001.8202
10.15 -2003.2113
10.155 -2004.9974
10.16 -2005.6133
10.165 -2005.0162
10.17 -2003.797
10.175 -2000.9583
10.18 -1996.834
10.185 -1990.9315
10.19 -1983.3757
10.195 -1974.8793
10.2 -1965.5336
10.205 -1955.1942
10.21 -1943.7028
10.215 -1932.8511
10.22 -1923.3452
10.225 -1915.6547
10.23 -1910.5006
10.235 -1908.2906
10.24 -1908.4785
10.245 -1910.9337
10.25 -1915.0991
10.255 -1920.2499
10.26 -1925.901
10.265 -1931.6754
10.27 -1936.1489
10.275 -1939.4244
10.28 -1942.0518
10.285 -1943.135
10.29 -1942.0966
10.295 -1938.7021
10.3 -1932.9409
10.305 -1924.8458
10.31 -1915.0941
10.315 -1905.4613
10.32 -1897.4504
10.325 -1891.1849
10.33 -1887.1315
10.335 -1884.7542
10.34 -1883.6398
10.345 -1883.887
10.35 -1885.1067
10.355 -1887.5118
10.36 -1890.883
10.365 -1895.8901
10.37 -1901.3866
10.375 -1906.7363
10.38 -1910.168
10.385 -1912.4426
10.39 -1913.6188
10.395 -1913.7784
10.4 -1912.9319
10.405 -1911.3547
10.41 -1908.9358
10.415 -1905.3699
10.42 -1901.3373
10.425 -1896.4113
10.43 -1889.4989
10.435 -1881.7161
10.44 -1873.8792
10.445 -1865.7325
10.45 -1858.5266
10.455 -1852.2013
10.46 -1846.544
10.465 -1842.5739
10.47 -1839.2866
10.475 -1837.4082
10.48 -1837.3531
10.485 -1840.5789
10.49 -1847.2936
10.495 -1856.2644
10.5 -1866.3412
10.505 -1874.2968
10.51 -1879.5613
10.515 -1881.7476
10.52 -1881.3271
10.525 -1878.1377
10.53 -1873.3547
10.535 -1865.377
10.54 -1854.2435
10.545 -1840.9548
10.55 -1826.5797
10.555 -1812.2179
10.56 -1800.1224
10.565 -1792.5027
10.57 -1790.6552
10.575 -1793.8044
10.58 -1801.1542
10.585 -1811.3817
10.59 -1822.8175
10.595 -1834.3553
10.6 -1845.1796
10.605 -1854.9459
10.61 -1864.323
10.615 -1874.2798
10.62 -1884.8076
10.625 -1896.7847
10.63 -1909.975
10.635 -1923.3145
10.64 -1935.8586
10.645 -1946.6708
10.65 -1954.335
10.655 -1958.9396
10.66 -1959.7303
10.665 -1956.1704
10.67 -1948.1117
10.675 -1935.0511
10.68 -1917.3483
10.685 -1895.8539
10.69 -1871.6832
10.695 -1848.5974
10.7 -1826.1685
10.705 -1806.0178
10.71 -1788.5713
10.715 -1774.1198
10.72 -1763.5156
10.725 -1755.4674
10.73 -1751.2173
10.735 -1750.4978
10.74 -1752.8657
10.745 -1758.5087
10.75 -1767.2898
10.755 -1778.0125
10.76 -1790.0614
10.765 -1802.3295
10.77 -1813.9861
10.775 -1825.5507
10.78 -1836.2749
10.785 -1845.3906
10.79 -1853.5531
10.795 -1860.841
10.8 -1867.4423
10.805 -1872.6575
10.81 -1877.1134
10.815 -1881.7764
10.82 -1886.9352
10.825 -1891.4806
10.83 -1895.7195
10.835 -1899.6807
10.84 -1903.5431
10.845 -1907.7068
10.85 -1911.7324
10.855 -1915.0723
10.86 -1916.7001
10.865 -1916.8654
10.87 -1916.4421
10.875 -1916.4421
10.88 -1916.4452
10.885 -1916.9722
10.89 -1918.2018
10.895 -1921.185
10.9 -1925.3644
10.905 -1930.8672
10.91 -1936.1956
10.915 -1940.8955
10.92 -1944.7645
10.925 -1947.4534
10.93 -1950.0652
10.935 -1952.9406
10.94 -1956.8678
10.945 -1960.8602
10.95 -1965.4987
10.955 -1970.7008
10.96 -1976.0162
10.965 -1982.2911
10.97 -1987.658
10.975 -1991.478
10.98 -1992.7699
10.985 -1991.8296
10.99 -1988.5431
10.995 -1983.5898
11.0 -1977.9503
11.005 -1971.9323
11.01 -1966.4617
11.015 -1961.2913
11.02 -1957.4193
11.025 -1954.7621
11.03 -1951.958
11.035 -1948.1449
11.04 -1943.3315
11.045 -1938.1042
11.05 -1932.7249
11.055 -1927.0764
11.06 -1921.8591
11.065 -1917.3749
11.07 -1913.1198
11.075 -1908.8326
11.08 -1905.8379
11.085 -1904.3285
11.09 -1904.3038
11.095 -1905.2931
11.1 -1906.7146
11.105 -1908.1774
11.11 -1908.085
11.115 -1907.3888
11.12 -1905.9773
11.125 -1904.3219
11.13 -1902.8754
11.135 -1902.1532
11.14 -1901.9023
11.145 -1902.3115
11.15 -1903.0708
11.155 -1905.2777
11.16 -1908.3844
11.165 -1912.1558
11.17 -1916.9498
11.175 -1923.2206
11.18 -1930.4468
11.185 -1937.8527
11.19 -1945.1886
11.195 -1952.7188
11.2 -1958.9802
11.205 -1962.6179
11.21 -1963.3137
11.215 -1961.6652
11.22 -1957.8492
11.225 -1952.8184
11.23 -1947.4462
11.235 -1942.664
11.24 -1939.0017
11.245 -1935.8096
11.25 -1932.9259
11.255 -1930.5199
11.26 -1927.8196
11.265 -1925.5907
11.27 -1923.4636
11.275 -1921.485
11.28 -1920.2239
11.285 -1919.7688
11.29 -1919.9706
11.295 -1920.5873
11.3 -1921.6307
11.305 -1923.4829
11.31 -1925.727
11.315 -1928.5114
11.32 -1931.3783
11.325 -1934.1589
11.33 -1938.033
11.335 -1941.5645
11.34 -1944.7252
11.345 -1946.8905
11.35 -1948.7931
11.355 -1950.5054
11.36 -1951.4401
11.365 -1952.6588
11.37 -1953.2155
11.375 -1953.3931
11.38 -1952.7924
11.385 -1951.8325
11.39 -1951.2638
11.395 -1950.0594
11.4 -1950.1781
11.405 -1950.3134
11.41 -1950.3507
11.415 -1950.7527
11.42 -1951.9814
11.425 -1953.6626
11.43 -1956.195
11.435 -1958.3499
11.44 -1959.0963
11.445 -1957.7926
11.45 -1954.7734
11.455 -1949.8501
11.46 -1943.298
11.465 -1936.4089
11.47 -1928.7158
11.475 -1920.8119
11.48 -1913.5316
11.485 -1906.7234
11.49 -1901.4418
11.495 -1899.4308
11.5 -1899.9642
11.505 -1902.2556
11.51 -1904.7999
11.515 -1906.7992
11.52 -1906.8358
11.525 -1904.0927
11.53 -1899.1678
11.535 -1892.8304
11.54 -1886.6559
11.545 -1882.7501
11.55 -1881.4021
11.555 -1882.5503
11.56 -1884.3405
11.565 -1887.831
11.57 -1893.6342
11.575 -1900.95
11.58 -1910.0333
11.585 -1919.4373
11.59 -1928.9253
11.595 -1938.51
11.6 -1946.9458
11.605 -1953.2955
11.61 -1957.7673
11.615 -1960.2048
11.62 -1960.5365
11.625 -1960.2152
11.63 -1959.7218
11.635 -1959.2025
11.64 -1959.5784
11.645 -1960.4642
11.65 -1963.1854
11.655 -1967.0792
11.66 -1970.968
11.665 -1974.6218
11.67 -1977.5491
11.675 -1979.964
11.68 -1980.8641
11.685 -1981.0917
11.69 -1980.8469
11.695 -1980.4581
11.7 -1979.1152
11.705 -1977.2767
11.71 -1974.3507
11.715 -1969.9796
11.72 -1964.258
11.725 -1957.4482
11.73 -1950.0719
11.735 -1941.9365
11.74 -1933.4907
11.745 -1925.3293
11.75 -1918.3805
11.755 -1913.1022
11.76 -1909.3707
11.765 -1907.2944
11.77 -1906.2896
11.775 -1905.4763
11.78 -1903.5878
11.785 -1901.2101
11.79 -1897.5824
11.795 -1891.8829
11.8 -1884.6107
11.805 -1876.8657
11.81 -1869.878
11.815 -1865.2183
11.82 -1863.785
11.825 -1864.9935
11.83 -1867.2954
11.835 -1870.1262
11.84 -1873.0875
11.845 -1876.1858
11.85 -1879.2767
11.855 -1882.0634
11.86 -1885.4436
11.865 -1889.0668
11.87 -1894.3688
11.875 -1901.3362
11.88 -1910.1082
11.885 -1919.766
11.89 -1929.5687
11.895 -1939.2054
11.9 -1947.5312
11.905 -1953.5938
11.91 -1957.7568
11.915 -1959.2753
11.92 -1958.6052
11.925 -1956.9935
11.93 -1954.4167
11.935 -1950.1586
11.94 -1944.9847
11.945 -1939.9656
11.95 -1936.1671
11.955 -1933.0774
11.96 -1931.3214
11.965 -1931.4156
11.97 -1933.2153
11.975 -1936.5671
11.98 -1941.404
11.985 -1946.781
11.99 -1952.9562
11.995 -1960.1227
12.0 -1967.7189
12.005 -1974.5332
12.01 -1980.2316
12.015 -1985.0935
12.02 -1989.021
12.025 -1992.3396
12.03 -1993.7478
12.035 -1993.2935
12.04 -1990.7689
12.045 -1986.0626
12.05 -1980.5361
12.055 -1974.1996
12.06 -1967.5377
12.065 -1961.33
12.07 -1955.0912
12.075 -1948.0515
12.08 -1941.093
12.085 -1933.7744
12.09 -1926.0836
12.095 -1918.3562
12.1 -1910.3762
12.105 -1902.5643
12.11 -1894.6605
12.115 -1887.8749
12.12 -1881.5397
12.125 -1876.0076
12.13 -1871.3324
12.135 -1866.4181
12.14 -1861.0881
12.145 -1856.3286
12.15 -1852.2411
12.155 -1849.9387
12.16 -1848.6576
12.165 -1847.341
12.17 -1846.5703
12.175 -1846.0199
12.18 -1844.5829
12.185 -1841.1885
12.19 -1834.9763
12.195 -1826.4261
12.2 -1816.2361
12.205 -1805.6823
12.21 -1796.524
12.215 -1789.8235
12.22 -1786.2428
12.225 -1786.7212
12.23 -1791.8289
12.235 -1799.2545
12.24 -1807.8052
12.245 -1816.8073
12.25 -1825.9508
12.255 -1834.0623
12.26 -1841.1477
12.265 -1846.567
12.27 -1850.8772
12.275 -1854.8262
12.28 -1859.6425
12.285 -1866.8433
12.29 -1876.2827
12.295 -1886.9291
12.3 -1897.1857
12.305 -1906.4829
12.31 -1912.8645
12.315 -1915.6113
12.32 -1914.6364
12.325 -1911.3188
12.33 -1905.9338
12.335 -1900.382
12.34 -1894.7003
12.345 -1890.8813
12.35 -1889.4185
12.355 -1890.79
12.36 -1895.4247
12.365 -1902.3075
12.37 -1911.0037
12.375 -1920.0453
12.38 -1930.2582
12.385 -1940.3031
12.39 -1949.1964
12.395 -1955.7717
12.4 -1960.8585
12.405 -1963.0562
12.41 -1962.6208
12.415 -1960.1996
12.42 -1956.0146
12.425 -1950.3464
12.43 -1944.3235
12.435 -1939.1066
12.44 -1935.6068
12.445 -1933.6609
12.45 -1933.8502
12.455 -1937.1298
12.46 -1942.5347
12.465 -1949.5707
12.47 -1956.087
12.475 -1961.5359
12.48 -1964.7627
12.485 -1964.4316
12.49 -1960.8783
12.495 -1954.3472
12.5 -1944.8591
12.505 -1933.1356
12.51 -1920.4878
12.515 -1907.3507
12.52 -1894.7964
12.525 -1884.627
12.53 -1876.6425
12.535 -1872.059
12.54 -1869.5188
12.545 -1869.7394
12.55 -1872.2052
12.555 -1876.9097
12.56 -1882.575
12.565 -1887.8922
12.57 -1893.2363
12.575 -1898.099
12.58 -1903.159
12.585 -1906.0398
12.59 -1907.4102
12.595 -1905.7281
12.6 -1901.2456
12.605 -1894.3635
12.61 -1886.625
12.615 -1879.0325
12.62 -1872.3293
12.625 -1866.8855
12.63 -1863.8022
12.635 -1863.9575
12.64 -1866.9187
12.645 -1872.9977
12.65 -1880.7229
12.655 -1888.9312
12.66 -1897.2134
12.665 -1905.301
12.67 -1914.4094
12.675 -1924.1274
12.68 -1933.0609
12.685 -1941.0256
12.69 -1947.5011
12.695 -1951.7832
12.7 -1953.5449
12.705 -1953.5483
12.71 -1952.4943
12.715 -1950.2344
12.72 -1947.5665
12.725 -1945.1477
12.73 -1943.1329
12.735 -1940.5698
12.74 -1937.8895
12.745 -1935.1259
12.75 -1932.6376
12.755 -1929.4695
12.76 -1925.7777
12.765 -1920.1898
12.77 -1912.9753
12.775 -1904.909
12.78 -1896.0953
12.785 -1886.7004
12.79 -1877.5641
12.795 -1869.6158
12.8 -1863.6958
12.805 -1859.6871
12.81 -1857.4758
12.815 -1857.2186
12.82 -1857.5853
12.825 -1858.5743
12.83 -1860.2407
12.835 -1861.441
12.84 -1863.2596
12.845 -1866.5514
12.85 -1871.9734
12.855 -1877.563
12.86 -1882.721
12.865 -1886.7645
12.87 -1890.0718
12.875 -1892.1534
12.88 -1894.0414
12.885 -1894.9253
12.89 -1893.9668
12.895 -1892.3832
12.9 -1889.06
12.905 -1883.7622
12.91 -1876.683
12.915 -1869.5044
12.92 -1863.0599
12.925 -1858.4406
12.93 -1855.6134
12.935 -1854.5371
12.94 -1854.6957
12.945 -1856.5308
12.95 -1859.5402
12.955 -1863.0978
12.96 -1866.2263
12.965 -1868.9192
12.97 -1871.7687
12.975 -1875.9303
12.98 -1880.9556
12.985 -1887.1622
12.99 -1894.9283
12.995 -1904.6731
13.0 -1914.5648
13.005 -1924.2454
13.01 -1933.3353
13.015 -1941.0504
13.02 -1948.4902
13.025 -1955.4812
13.03 -1962.0616
13.035 -1967.5924
13.04 -1973.2424
13.045 -1978.9183
13.05 -1984.7634
13.055 -1990.8512
13.06 -1995.9875
13.065 -1999.1831
13.07 -2000.776
13.075 -2001.0042
13.08 -1999.2239
13.085 -1994.4513
13.09 -1987.4847
13.095 -1978.3093
13.1 -1966.8066
13.105 -1954.452
13.11 -1941.3016
13.115 -1928.5253
13.12 -1916.9004
13.125 -1907.9504
13.13 -1901.5325
13.135 -1898.0626
13.14 -1897.5369
13.145 -1900.0951
13.15 -1905.2462
13.155 -1913.1638
13.16 -1921.7021
13.165 -1930.2668
13.17 -1937.6569
13.175 -1943.0128
13.18 -1947.057
13.185 -1950.1567
13.19 -1951.5364
13.195 -1951.2191
13.2 -1949.7291
13.205 -1947.5114
13.21 -1944.9122
13.215 -1942.9858
13.22 -1942.0764
13.225 -1941.8634
13.23 -1941.9468
13.235 -1943.3988
13.24 -1945.7052
13.245 -1949.2668
13.25 -1954.1926
13.255 -1960.3486
13.26 -1966.7246
13.265 -1974.3185
13.27 -1982.4926
13.275 -1991.5321
13.28 -2001.168
13.285 -2010.7522
13.29 -2020.7151
13.295 -2029.8422
13.3 -2036.856
13.305 -2040.8994
13.31 -2041.9618
13.315 -2039.2013
13.32 -2034.0293
13.325 -2026.2706
13.33 -2016.7278
13.335 -2005.8986
13.34 -1994.8838
13.345 -1983.9458
13.35 -1973.2556
13.355 -1962.142
13.36 -1951.1367
13.365 -1940.7225
13.37 -1932.396
13.375 -1926.665
13.38 -1923.7478
13.385 -1923.4987
13.39 -1925.8984
13.395 -1929.7828
13.4 -1935.2198
13.405 -1942.1083
13.41 -1948.67
13.415 -1956.1548
13.42 -1963.6466
13.425 -1970.799
13.43 -1977.3893
13.435 -1982.7384
13.44 -1986.8774
13.445 -1989.0463
13.45 -1989.642
13.455 -1989.5471
13.46 -1988.979
13.465 -1988.9014
13.47 -1988.997
13.475 -1988.8323
13.48 -1989.4708
13.485 -1990.7861
13.49 -1992.8188
13.495 -1995.7306
13.5 -1999.409
13.505 -2002.8735
13.51 -2006.1864
13.515 -2008.7361
13.52 -2010.0942
13.525 -2009.7135
13.53 -2006.8207
13.535 -2001.6697
13.54 -1994.2462
13.545 -1985.6272
13.55 -1975.9879
13.555 -1967.0453
13.56 -1959.2246
13.565 -1951.2443
13.57 -1943.32
13.575 -1935.7753
13.58 -1926.849
13.585 -1916.1301
13.59 -1903.8763
13.595 -1891.1462
13.6 -1877.6475
13.605 -1864.2963
13.61 -1851.9836
13.615 -1841.9067
13.62 -1835.2118
13.625 -1831.6537
13.63 -1831.3317
13.635 -1833.83
13.64 -1838.3727
13.645 -1843.9879
13.65 -1850.3942
13.655 -1857.2886
13.66 -1863.8102
13.665 -1870.3118
13.67 -1877.3568
13.675 -1886.2048
13.68 -1897.263
13.685 -1911.4663
13.69 -1927.1902
13.695 -1942.7893
13.7 -1957.5068
13.705 -1970.301
13.71 -1978.8972
13.715 -1983.5834
13.72 -1985.2587
13.725 -1984.1166
13.73 -1981.0615
13.735 -1976.5946
13.74 -1971.1423
13.745 -1964.9628
13.75 -1957.4927
13.755 -1949.6133
13.76 -1941.1537
13.765 -1933.7008
13.77 -1927.4191
13.775 -1922.3176
13.78 -1919.5891
13.785 -1919.7388
13.79 -1921.977
13.795 -1925.5233
13.8 -1930.4136
13.805 -1935.9999
13.81 -1942.2306
13.815 -1947.7921
13.82 -1952.9275
13.825 -1957.5736
13.83 -1961.4199
13.835 -1964.2623
13.84 -1964.6266
13.845 -1963.3877
13.85 -1960.8732
13.855 -1956.6833
13.86 -1950.2025
13.865 -1942.3519
13.87 -1934.521
13.875 -1927.7899
13.88 -1922.7443
13.885 -1920.0233
13.89 -1918.2217
13.895 -1917.0214
13.9 -1916.9368
13.905 -1917.7351
13.91 -1919.2717
13.915 -1921.1982
13.92 -1924.6855
13.925 -1930.3607
13.93 -1937.7147
13.935 -1947.2312
13.94 -1958.6781
13.945 -1971.0839
13.95 -1984.9639
13.955 -1999.4246
13.96 -2012.4922
13.965 -2023.8689
13.97 -2032.0151
13.975 -2036.9938
13.98 -2038.2046
13.985 -2035.4136
13.99 -2028.8938
13.995 -2018.1263
14.0 -2004.0004
14.005 -1987.4839
14.01 -1969.4727
14.015 -1951.2306
14.02 -1933.5399
14.025 -1919.1345
14.03 -1908.5483
14.035 -1903.8188
14.04 -1904.5776
14.045 -1910.1008
14.05 -1919.5956
14.055 -1931.7142
14.06 -1944.8102
14.065 -1957.937
14.07 -1971.4489
14.075 -1984.6328
14.08 -1996.3586
14.085 -2006.0762
14.09 -2013.889
14.095 -2019.8423
14.1 -2023.4043
14.105 -2024.4261
14.11 -2022.3422
14.115 -2017.6111
14.12 -2010.4878
14.125 -2000.873
14.13 -1989.494
14.135 -1977.279
14.14 -1964.5496
14.145 -1951.6846
14.15 -1939.0272
14.155 -1926.6775
14.16 -1915.4009
14.165 -1905.3961
14.17 -1896.6184
14.175 -1889.3696
14.18 -1882.693
14.185 -1877.8832
14.19 -1874.2078
14.195 -1872.3308
14.2 -1872.128
14.205 -1873.6746
14.21 -1876.1445
14.215 -1879.3657
14.22 -1882.6132
14.225 -1885.5197
14.23 -1887.9248
14.235 -1889.9147
14.24 -1892.6263
14.245 -1896.9861
14.25 -1903.7495
14.255 -1912.0928
14.26 -1920.261
14.265 -1926.495
14.27 -1930.3885
14.275 -1932.1162
14.28 -1931.4849
14.285 -1930.0753
14.29 -1928.3142
14.295 -1927.5068
14.3 -1927.9203
14.305 -1929.4888
14.31 -1931.7339
14.315 -1934.5679
14.32 -1936.3412
14.325 -1936.7969
14.33 -1935.8328
14.335 -1933.0955
14.34 -1929.6569
14.345 -1924.5325
14.35 -1918.8258
14.355 -1912.9492
14.36 -1907.3506
14.365 -1902.4847
14.37 -1899.6338
14.375 -1899.2928
14.38 -1900.3855
14.385 -1900.3616
14.39 -1899.9095
14.395 -1897.0409
14.4 -1891.7557
14.405 -1885.2437
14.41 -1878.5869
14.415 -1873.5303
14.42 -1869.9209
14.425 -1868.7173
14.43 -1869.7915
14.435 -1873.646
14.44 -1877.6982
14.445 -1881.484
14.45 -1885.4517
14.455 -1889.2163
14.46 -1892.0715
14.465 -1894.8357
14.47 -1897.0022
14.475 -1899.7959
14.48 -1904.6971
14.485 -1911.1212
14.49 -1918.9226
14.495 -1927.2744
14.5 -1934.8002
14.505 -1940.8739
14.51 -1945.0112
14.515 -1946.8394
14.52 -1946.8969
14.525 -1945.4022
14.53 -1942.2529
14.535 -1939.3917
14.54 -1937.6356
14.545 -1937.1584
14.55 -1939.281
14.555 -1944.6398
14.56 -1952.3988
14.565 -1962.3779
14.57 -1974.3276
14.575 -1986.4628
14.58 -1996.9292
14.585 -2005.0182
14.59 -2011.1466
14.595 -2015.8899
14.6 -2018.1903
14.605 -2019.2863
14.61 -2018.5815
14.615 -2016.2006
14.62 -2012.898
14.625 -2008.6879
14.63 -2003.8975
14.635 -1998.8599
14.64 -1993.819
14.645 -1988.4866
14.65 -1983.4775
14.655 -1978.0833
14.66 -1973.0321
14.665 -1968.4119
14.67 -1964.5244
14.675 -1962.9047
14.68 -1962.419
14.685 -1962.4415
14.69 -1963.5542
14.695 -1964.9177
14.7 -1966.9642
14.705 -1969.3699
14.71 -1971.819
14.715 -1975.1261
14.72 -1978.4431
14.725 -1981.3771
14.73 -1983.066
14.735 -1982.9542
14.74 -1981.3901
14.745 -1978.9885
14.75 -1975.9347
14.755 -1972.483
14.76 -1968.8737
14.765 -1965.474
14.77 -1961.9637
14.775 -1957.7183
14.78 -1952.9037
14.785 -1947.0929
14.79 -1940.7102
14.795 -1934.4573
14.8 -1928.1366
14.805 -1922.0405
14.81 -1916.995
14.815 -1912.1132
14.82 -1908.3055
14.825 -1904.7789
14.83 -1901.6964
14.835 -1899.6278
14.84 -1898.6873
14.845 -1898.7717
14.85 -1899.458
14.855 -1900.4238
14.86 -1900.4595
14.865 -1898.8661
14.87 -1895.849
14.875 -1891.2284
14.88 -1885.0106
14.885 -1878.3323
14.89 -1872.6227
14.895 -1868.8488
14.9 -1867.579
14.905 -1867.9666
14.91 -1871.8517
14.915 -1877.88
14.92 -1885.029
14.925 -1893.5105
14.93 -1901.9514
14.935 -1909.1718
14.94 -1915.5164
14.945 -1920.0731
14.95 -1923.1221
14.955 -1924.6007
14.96 -1925.0165
14.965 -1923.8047
14.97 -1921.6262
14.975 -1918.3569
14.98 -1915.0497
14.985 -1911.5724
14.99 -1907.7246
14.995 -1904.3516
15.0 -1900.6578
15.005 -1897.8086
15.01 -1895.3684
15.015 -1894.8591
15.02 -1896.6335
15.025 -1900.9167
15.03 -1907.6366
15.035 -1916.4564
15.04 -1926.8354
15.045 -1937.7264
15.05 -1948.3726
15.055 -1958.6493
15.06 -1968.416
15.065 -1977.34
15.07 -1983.9935
15.075 -1987.7294
15.08 -1989.1646
15.085 -1988.3776
15.09 -1986.1759
15.095 -1982.969
15.1 -1979.8135
15.105 -1977.6708
15.11 -1978.2013
15.115 -1981.1986
15.12 -1987.0685
15.125 -1995.359
15.13 -2004.5818
15.135 -2014.3303
15.14 -2024.7356
15.145 -2034.892
15.15 -2043.664
15.155 -2050.9204
15.16 -2056.1301
15.165 -2059.164
15.17 -2060.711
15.175 -2060.5896
15.18 -2058.8313
15.185 -2055.7778
15.19 -2050.5627
15.195 -2041.8993
15.2 -2031.9421
15.205 -2020.621
15.21 -2008.942
15.215 -1997.6849
15.22 -1987.2712
15.225 -1977.7577
15.23 -1969.0194
15.235 -1961.2631
15.24 -1954.9048
15.245 -1948.9718
15.25 -1943.5494
15.255 -1938.8088
15.26 -1936.2574
15.265 -1936.2285
15.27 -1938.2653
15.275 -1942.777
15.28 -1948.4634
15.285 -1954.1709
15.29 -1959.4177
15.295 -1964.1443
15.3 -1967.6364
15.305 -1970.4175
15.31 -1972.1908
15.315 -1972.3035
15.32 -1971.143
15.325 -1969.097
15.33 -1965.2576
15.335 -1960.4763
15.34 -1956.0016
15.345 -1952.6736
15.35 -1951.4045
15.355 -1952.3757
15.36 -1954.1351
15.365 -1954.7627
15.37 -1955.5424
15.375 -1955.4197
15.38 -1954.4631
15.385 -1952.9972
15.39 -1950.3507
15.395 -1945.7167
15.4 -1938.9194
15.405 -1930.2502
15.41 -1919.6321
15.415 -1907.2998
15.42 -1893.9127
15.425 -1880.7507
15.43 -1868.9883
15.435 -1859.8722
15.44 -1855.4108
15.445 -1856.2557
15.45 -1861.1127
15.455 -1868.6241
15.46 -1878.5436
15.465 -1890.3705
15.47 -1902.3597
15.475 -1912.7631
15.48 -1920.3114
15.485 -1924.9298
15.49 -1925.7755
15.495 -1924.8152
15.5 -1922.1086
15.505 -1918.6289
15.51 -1914.6622
15.515 -1911.0018
15.52 -1908.4093
15.525 -1907.3224
15.53 -1905.6737
15.535 -1903.7123
15.54 -1902.3553
15.545 -1900.4885
15.55 -1897.725
15.555 -1894.7892
15.56 -1891.2634
15.565 -1888.6617
15.57 -1886.9585
15.575 -1885.8965
15.58 -1885.0142
15.585 -1885.339
15.59 -1885.6403
15.595 -1886.1643
15.6 -1888.2776
