0.7134147388899554 0.7415623549810304 
0.9181981496095682 0.8724988839987776 
0.9848136343483794 0.6647310114290842 
0.6288355299047331 0.9510299763917417 
0.8493202244310386 0.538470970526311 
0.5075938598822176 0.8733416892314944 
0.9076604906320888 0.7684696677899134 
0.9797028832045386 0.952349895666205 
0.7647120227837264 0.7720246942265727 
0.5936874931098168 0.9723324387827632 
0.8504229881853511 0.8535673254046762 
0.46032760368414194 0.9450542347911514 
0.766015982994171 0.7726225574780745 
0.6790319887938642 0.9081160720294705 
0.885871193475519 0.5077112987591701 
0.9478283767112756 0.8473265080463762 
0.5547575768213723 0.9013852228155365 
0.8711499865966106 0.8506073755570972 
0.9147461000000139 0.8829968065982002 
0.9489669564281169 0.7164094672100838 
0.8925106747122776 0.6165918861048637 
0.8462790505730337 0.7876185199662844 
0.9983534919375541 0.5490115985944614 
0.9427983031951881 0.8708858055816121 
0.7552489549194451 0.7445182740753165 
0.3112126610400672 0.9997422775995951 
0.9628771166043821 0.9433838532062918 
0.7827067079380251 0.8499376941504457 
0.8469119450946644 0.6053112398762065 
0.9885068158657211 0.575446722948177 
0.9793676803209509 0.8826840582518597 
0.7543335621630681 0.7506412945739122 
0.9488606633804052 0.39586917359689777 
0.9934527761643644 0.47465865675752295 
0.7809389957069717 0.7315243631125903 
0.7923581206312793 0.7074867529511393 
0.7389882825294788 0.894450076306326 
0.45183779633610843 0.980832981935441 
0.3325440160988664 0.9639504388346634 
0.9120230075327798 0.8950316430068129 
0.47440518910416607 0.9381207010116117 
0.6809615033223664 0.8462184688313364 
0.5753229980875745 0.9881457109859088 
0.424896969014244 0.9672377268596772 
0.8708285108406636 0.8720608602483635 
0.9530338772342625 0.6031837459396657 
0.836626633808781 0.5968490311806965 
0.5208620211250858 0.9065915869106363 
0.7074242610814386 0.9580825554244651 
0.6481345841294356 0.9788132141012598 
0.5310853072681413 0.9213701151404499 
0.7153142066532194 0.9980364589595112 
0.9875251085063577 0.5375827042345448 
0.9797121825683004 0.8030022137027987 
0.810432841256942 0.8724859192785696 
0.54883952878906 0.893607464238952 
0.7076737395354683 0.7190345152767118 
0.9951513934712558 0.11494469278985309 
0.8423916030425026 0.8948768062032242 
0.6790255409498851 0.8278420909729911 
0.48946436992831877 0.979827485558334 
0.7600404657284199 0.704196017240653 
0.600153020761722 0.8923251086836589 
0.9870062683251463 0.4486079817323584 
0.9564644719218518 0.8361447953092083 
0.32124401758999666 0.9653218398902741 
0.8529561866853502 0.9526985395114813 
0.437711185341515 0.9797107830155433 
0.6670479025647003 0.9810468392636827 
0.899604272529806 0.7864401106303237 
0.9509738701120772 0.639509740438811 
0.9991025730333785 0.6351602483706669 
0.7486570717024058 0.777049090819434 
0.8484347221080828 0.7975396110123857 
0.8892349452999614 0.8387634600341812 
0.7084454898222862 0.8030020978680158 
0.9165330310311185 0.567714685316938 
0.7539321212995802 0.991741474199849 
0.7710553964471205 0.6682243702622219 
0.5173680500213024 0.9539989517641966 
0.39685317672953513 0.9948864401657784 
0.9423604080896165 0.9868513066460628 
0.711257180240215 0.9461907747526792 
0.9615652885897377 0.55836127613077 
0.9038033913282059 0.8604607511296453 
0.8812869078139782 0.6794080330187874 
0.8938592307169022 0.5818414462824137 
0.9888338885780028 0.7271166969481897 
0.5720799127853393 0.9640129030295995 
0.9296046193509775 0.9796108096348203 
0.8047128984651934 0.7446690602279797 
0.988443489890306 0.6677361191408551 
0.785356900352348 0.8625798012645811 
0.9510409555634229 0.7587424316344071 
0.730308375885409 0.927661346583962 
0.8957546592343055 0.5471029802836617 
0.42419025732405247 0.9589285402861416 
0.9786259833249127 0.38148571501035056 
0.9304957354529995 0.9329124991173409 
0.7366132531573139 0.9673377454908106 
0.9300417278625058 0.988947229233039 
0.8780062159816707 0.5847920395746643 
0.838556176016015 0.7436732207059533 
0.7621656085519282 0.715039199281537 
0.36155728763025385 0.9504620367253954 
0.8194671907088734 0.8361413291951625 
0.9779008628074668 0.3625041627057626 
0.826286893528264 0.8075121478521513 
0.8796537384809121 0.8353042444659714 
0.7993486503348678 0.984599843371482 
0.9944287192385105 0.7776553309308537 
0.8318234708456378 0.913893360526329 
0.9786798024136004 0.38614643814409444 
0.8547146244162394 0.9732370968093244 
0.9758470383400524 0.6602386337735554 
0.8295912119624317 0.8512791212446076 
0.9599018347926485 0.7452755669213538 
0.8382110352971899 0.8427867867211188 
0.7347261099424615 0.7927326050110849 
0.9660354079421967 0.6175523562404418 
0.885341548497543 0.690964550452752 
0.8136962722632891 0.9331605147715324 
0.7105659145256621 0.7362077256793585 
0.48508160002834444 0.8873673844352848 
0.8594486494052819 0.9859540624285038 
0.9933786770437938 0.578934019996566 
0.8850978172368359 0.5936088551890181 
0.6422812837396746 0.9500005825722743 
0.7144538604968409 0.7533165576500915 
0.9309931987439742 0.9875811449580276 
0.8636387093398505 0.5793043028303575 
0.7976389528696111 0.7839610458498806 
0.6008894930638032 0.953022236517794 
0.961958091535937 0.5366580382035938 
0.8510826585854839 0.8106146486255964 
0.95567504831377 0.7562165226605289 
0.5642048291169797 0.9371115863930033 
0.9575656149539271 0.4895773529811238 
0.8994667297615336 0.44096180306962374 
0.60778587776809 0.8141315795598828 
0.8841868408264264 0.978598231444591 
0.6849073155061012 0.8003502050797744 
0.6397937023588653 0.9342474951880487 
0.9525487529387812 0.5164086630703176 
0.9979979017616961 0.35151772931534486 
0.7926641938940507 0.8468638161501245 
0.9983493379971695 0.4732560345034973 
0.868751621304687 0.9625483634788644 
0.8461716280882281 0.9214626750613354 
0.7983001863147573 0.8161589697460394 
0.8997228975154168 0.8831569755826497 
0.7694620522752973 0.8267962181698355 
0.608983606862605 0.8823272416235445 
0.9004169725975523 0.8624623402038297 
0.8743734300872215 0.4863977209637702 
0.910695957507531 0.5149794358035913 
0.6666971106037408 0.7667756308689869 
0.9521339982863094 0.4986795558316609 
0.9400004285231355 0.6375644817195841 
0.7371390419515936 0.8698854781227355 
0.5993887467862316 0.9197104631674091 
0.8708168032375861 0.956794538646382 
0.958709365115012 0.8880662490882386 
0.9065385151750451 0.7923259829564216 
0.7435735107182375 0.6899585615143858 
0.7672048031580738 0.8668654189694476 
0.8838718607222594 0.6594077236475191 
0.7310285060144308 0.9425646553258497 
0.6916830617852419 0.9270873054216531 
0.7901690523180236 0.961954657054989 
0.6940418187712082 0.8739920565229892 
0.8569818502971481 0.9956291801075624 
0.5561727414758589 0.8400684649909035 
0.9900998277930818 0.3551643316175086 
0.9843334660725368 0.8467222901295496 
0.6006207792925282 0.8013633367747329 
0.9100140966963781 0.5347007828409055 
0.7823615897110542 0.8073848457597581 
0.9930351252586488 0.2545051728104938 
0.8503526869895165 0.9354044815689243 
0.5598403194941682 0.9766717650565891 
0.9698074992554517 0.726362115729927 
0.9682705486729478 0.6052465641312882 
0.9910268234710516 0.44559318606184184 
0.6978473907037862 0.9533148663256018 
0.9317035734045015 0.6888572960516044 
0.7347349430162511 0.7026847392864336 
0.5338105550415099 0.8860007278809624 
0.8317540309181365 0.7077077828006447 
0.7010884229382791 0.9680149683776168 
0.6107658313677586 0.913787795452962 
0.9427038861055571 0.33950627975232206 
0.7956802703437782 0.8455690174708209 
0.9874646826553232 0.9521223327925892 
0.9944449526833266 0.7577271622687048 
0.874972207419453 0.5095095863866758 
0.34585605225323035 0.9739868169006082 
0.884630257010374 0.7398128397255437 
0.9836057551598469 0.9039981838555091 
0.6615273977534689 0.8690393637638246 
0.9901658578531606 0.26877013024250573 
0.23931669908493403 0.9766588358872952 
0.8044090778164711 0.9804728692316775 
0.7370976895570105 0.8442728856886996 
0.9004589351088049 0.9701052514526749 
0.8381428110259284 0.6227505516303341 
0.22762123809776635 0.9791730804143337 
0.9889520970789626 0.5954581746742708 
0.8590410541461871 0.5359834124804099 
0.9038113936180431 0.464707764632439 
0.5461000117410582 0.9528326542041434 
0.6289500050732266 0.989132445598052 
0.9375541461539779 0.6743353483871315 
0.4364038883757052 0.9356243296877285 
0.9817217060245104 0.9803215836498551 
0.9244354456058824 0.44226946252876476 
0.8887786317873891 0.7530216970512127 
0.9674111575706644 0.4742861566190636 
0.9482470407392425 0.6924842796653592 
0.603670364274501 0.8735445422811888 
0.6561826721246892 0.7587008940076476 
0.5973184689832913 0.9964583814693855 
0.9373518718592622 0.541898090941578 
0.9544298576698539 0.7706166887863616 
0.8049387328515258 0.9909435980323132 
0.9051053582826493 0.48133958576309654 
0.8597503389809532 0.7683910291808776 
0.9885533038819023 0.6151638929624353 
0.9511205899251397 0.7330242815233371 
0.780575436281578 0.7548538193317609 
0.2583958389825406 0.9996294749600918 
0.9316898389661383 0.901553665343116 
0.845181188002841 0.6062185641546186 
0.747201067570045 0.8317790587048566 
0.8139037800315918 0.751665885713842 
0.605574162487389 0.853473303561915 
0.9206614226219041 0.5614953742847258 
0.7944863022699621 0.8450377290254314 
0.917365079962252 0.5352430094447931 
0.3324147744732008 0.9641281196465605 
0.8229067057383782 0.6371427366965497 
0.7940284039220644 0.9210535895062663 
0.84084012549352 0.6551440260776015 
0.9301711193928751 0.45482291063043423 
0.6900926291549616 0.8458666187733458 
0.812333749250684 0.940746952108869 
0.3335187460779965 0.9524376342359424 
0.3072543966579644 0.962825279982659 
0.8118274917614267 0.6598970746646436 
0.5847585448957745 0.9892917867551003 
0.8050496330015314 0.8849106472159856 
0.7674203804359386 0.738305473940764 
0.8114821279288508 0.6489483776579843 
0.42937855200012454 0.9940977036801046 
0.8924775195545791 0.8404281966362191 
0.8732234389053795 0.9429300502467397 
0.23416334365286873 0.9768502213200648 
0.6313845480405399 0.9766346217747605 
0.4915035163401138 0.9205489518653563 
0.6589615548223146 0.9234866347628247 
0.9800129220698389 0.46105239069861303 
0.7798582543202054 0.8421251686779997 
0.7347903431444102 0.8563839246703745 
0.2678053436117921 0.9649140426991392 
0.9797883665502307 0.2822426164160582 
0.8283311549863536 0.9557552361290903 
0.25366592331512616 0.9819049679264255 
0.919757702798522 0.6534383573179745 
0.5930918269491956 0.8164834443918573 
0.7461986460936355 0.6901745170628397 
0.7699894624840358 0.6626676413822578 
0.888997327153925 0.8251878878443463 
0.9871962064202444 0.27500150589396655 
0.9573148912622687 0.45902782762614314 
0.9894557112666789 0.6731038216903217 
0.7579027115231193 0.6782881751140041 
0.8968716553475987 0.7606377675678581 
0.6955960495155156 0.9632699297318997 
0.6082847452961949 0.9130956471021455 
0.6046170252747505 0.8194744377960198 
0.7870237370449629 0.8034790437904741 
0.857717064699165 0.7170293778160729 
0.4343917334962918 0.9600591177417492 
0.9683607991088192 0.38234806293704837 
0.8777517831064877 0.5430610978681987 
0.8659916527603425 0.939297682764855 
0.9691928981046855 0.25875454093649564 
0.632448433337321 0.8605668926495725 
0.7768199841416499 0.6839308687673639 
0.9982990863308132 0.3969496018502928 
0.8898648041147422 0.973180853692732 
0.7666203784776217 0.699877521084664 
0.8371883708929592 0.6816989336019562 
0.9650532658752474 0.6231319483323566 
0.7181605898699646 0.92442997845029 
0.6085147928322504 0.9694092129020722 
0.7620183034919203 0.6735857814969006 
0.9620237048978681 0.48432606811915535 
0.8786033561698975 0.5059172515223991 
0.585969084741024 0.9167449438051065 
0.8771042754988475 0.6547881360409081 
0.9960841452450266 0.1587401455880446 
0.4404585794154965 0.9881765654041356 
0.9888070195135086 0.6425188188683114 
0.9861058543583883 0.27328145179903585 
0.9348723364133428 0.47602075681806677 
0.8860712864175565 0.5193368866909721 
0.7599728443044766 0.8560495714915316 
0.9121825768883411 0.6736632730539 
0.9342003516694832 0.4007086402857437 
0.8423004794762483 0.9875580666005761 
0.8956228655374651 0.606739487420528 
0.9916972005462692 0.9385020507032392 
0.21458966076516595 0.9920387838373829 
0.9722862077164514 0.9721991372854135 
0.9326870664600471 0.7060101949577395 
0.82661764540481 0.9607441993800968 
0.9048531063151288 0.5861735959597889 
0.8408950479283576 0.6582668577138721 
0.5974134834010734 0.9637527815038316 
0.6544004100168135 0.9776143080242775 
0.7953707265617413 0.8494544423541869 
0.9015454109850353 0.6577173708500729 
0.6880565542436592 0.8858475487978047 
0.6778128426337559 0.7416752089162527 
0.9310054112923043 0.5419390975800312 
0.8666525911180119 0.6314365179470093 
0.44791806352954533 0.9591919858763337 
0.931697237035802 0.5615328005171073 
0.679727389108667 0.7759185721291357 
0.5492951537266236 0.9710343788373307 
0.8711721477371895 0.8375101206286533 
0.6022062253652287 0.992110908665199 
0.9911037024868553 0.20652295718712 
0.7108038720661026 0.8545206755106681 
0.8097420806723535 0.7929039831803539 
0.7664113048385228 0.7896474158415225 
0.636523055840569 0.798733913767853 
0.7804916298549203 0.7621444863968401 
0.8954860698280501 0.5795519569775016 
0.9276799405057259 0.6579074075122474 
0.2577589590199004 0.9893515494121351 
0.751125252335158 0.6703205366122145 
0.9789757596805988 0.7678476638316882 
0.6100610881284975 0.947387394549648 
0.9935386325415474 0.8373580708086757 
0.5863541119661971 0.9617236941104438 
0.33948421215963887 0.9534120794511092 
0.6446612439853247 0.9460592118122136 
0.896910847834407 0.9888597747168696 
0.9511708697761141 0.748155638633664 
0.8345304249681071 0.7231284118842063 
0.6514573359280047 0.883277688395598 
0.4980484257626694 0.9053870082121628 
0.510231687052247 0.868084455944907 
0.8342447796120115 0.5673102189369831 
0.885249057136432 0.4788124679167153 
0.7744522600513725 0.9500251752166375 
0.6305568122330121 0.9463240850098864 
0.8942500547675626 0.9594826775365292 
0.6969084492448312 0.9592125108672285 
0.7581634080513648 0.8636114785239015 
0.732084024435489 0.9034186486499168 
0.9598746346301985 0.2891907765895608 
0.9049409411465863 0.4364185037604924 
0.35177598299027657 0.9591750691172045 
0.7919800175013673 0.7326886202947891 
0.824486022291624 0.616200928032961 
0.7973940157257657 0.8246475732645738 
0.8003564853605689 0.8549913621756974 
0.9913025283127886 0.5746623053484855 
0.8521032925703607 0.6838086091913513 
0.5000104142678494 0.9336217680079962 
0.7134156232597831 0.8456766370484698 
0.8300574563369247 0.7565828137830987 
0.42672939855575887 0.9330316050373395 
0.9849799414690342 0.22769980440675985 
0.7785141299070327 0.7563255898649731 
0.6283841676061414 0.9902127259630955 
0.949526570659884 0.7439414883498507 
0.6462222361505865 0.9803412302338522 
0.5986695723262436 0.988829455937364 
0.8610154590389297 0.7341529451458867 
0.9830789364142807 0.7212121148150386 
0.6776459499418824 0.9315792631298246 
0.8831687246858199 0.7655435758191667 
0.8132721254481807 0.6902373897840587 
0.6960926964319201 0.7210101588227131 
0.8762776852210883 0.966126873286374 
0.5620937009569644 0.9241214922149804 
0.9046024622895092 0.8238438100217298 
0.7937301269414493 0.6655633767657225 
0.9524051194499665 0.42764072921234975 
0.5653738278317362 0.9491733782157498 
0.6792140189711281 0.927572219116167 
0.15579397653788785 0.9965685766536915 
0.7111977653842049 0.8384326451880592 
0.818435577250973 0.7738628803544028 
0.9841218913644219 0.5641100109823363 
0.8818500459015897 0.9302259851154587 
0.6231890881119656 0.8867488325526248 
0.3841602831442077 0.9669107099123436 
0.6745158514692549 0.8200668052887161 
0.8543332868623812 0.6397295804111769 
0.8819950272097544 0.7153546803671802 
0.6589619931238219 0.7657031185046045 
0.8660368014911468 0.6865850298073795 
0.9197663144395651 0.5390527883592429 
0.9033771593742903 0.7202187831433388 
0.41290663226857816 0.9412924770276299 
0.7479833758818083 0.8553054988034293 
0.8290690039173803 0.6923667976611653 
0.5883919104233847 0.9107459569181352 
0.9524726602366699 0.3301263365243039 
0.7174734390132416 0.905583762243595 
0.8357995848501719 0.9904472670227688 
0.8793172349642859 0.7969809535595358 
0.7598989904461404 0.6982704629629038 
0.9647746385634515 0.8689986376440798 
0.5678663008583514 0.8619506431544999 
0.8498789663716384 0.7326637631408056 
0.6668920508475948 0.775544633732773 
0.7161701574574408 0.7831885398522335 
0.8166376208979987 0.686437986495607 
0.8457561187427537 0.6756599746769156 
0.996240364308626 0.9430163364768515 
0.8312705631111562 0.7519888147844228 
0.9870187422729769 0.6039934104928579 
0.8615128123154507 0.8382976892193627 
0.7838786877068599 0.7563537877005748 
0.6173790363838445 0.9923319201034124 
0.8979992802806853 0.5266559058204112 
0.998041416377212 0.7713600696989267 
0.5593374554218701 0.8412321824231114 
0.6163209538807124 0.9691013853827045 
0.9627069228104919 0.7110594512298669 
0.39708385911247657 0.9766086885833225 
0.8746805995179157 0.9211464483109928 
0.7129717173441379 0.9747260450751497 
0.8626068302100346 0.5394893359788666 
0.7553136050436146 0.9248058025338601 
0.9737465456571228 0.29707206916689666 
0.5819180425576063 0.8380659975872551 
0.9044691930573543 0.46395031419724164 
0.803718049439028 0.9136433003388541 
0.8178969667237669 0.7326266216973243 
0.6671847171648175 0.9386805775786341 
0.41777637445001814 0.9883939471739643 
0.5339630610628351 0.9477941550030625 
0.6622732914106183 0.824579427714786 
0.6857967747551076 0.8842281924490752 
0.9119183764396227 0.7173602937925392 
0.9674405607108166 0.2908422146576114 
0.8458493505324851 0.9010651117694752 
0.8116611398084643 0.7236416058337263 
0.7447233444931386 0.8795459666025663 
0.5046815213268898 0.9703237557581532 
0.8626519333501411 0.7949384091892603 
0.6781303584559779 0.8265395627969795 
0.8603329273431137 0.9407110408540331 
0.6359565412887294 0.886197426520243 
0.8899709389367552 0.6026879633137503 
0.7050003865508191 0.7349975226045431 
0.8394330841352364 0.7501977911395402 
0.4053659525962444 0.9737043940229267 
0.6049897160027934 0.8610426485595921 
0.9369583333739363 0.5564544563372091 
0.8314298388205654 0.6809923313258436 
0.7983028279737329 0.7929486928166355 
0.5761359364344818 0.9222320292038668 
0.5967796197772739 0.8953435234730848 
0.8785000135656058 0.7563968680588581 
0.9927422607395434 0.5943944346442771 
0.9449795252391648 0.33547759803990407 
0.9541830408412943 0.6084054021989623 
0.9941697368916453 0.6306918576597055 
0.8830467211259622 0.8851275245572386 
0.9685924635846315 0.3521762595784039 
0.9995511198071513 0.6366513844389068 
0.6651528197324005 0.9820134990040167 
0.9501837079533689 0.6588476015855894 
0.9530641606067549 0.5722685821913133 
0.8399803021663461 0.8049068338871169 
0.9304708318243572 0.6191636480336125 
0.6010292102046535 0.8771231596757646 
0.41941697946855017 0.963252890581883 
0.9922596338769234 0.6771485970001142 
0.9704776554677209 0.9415721170600994 
0.49555090294197335 0.9439292057770243 
0.46685145141984163 0.9566071862879721 
0.984854332852782 0.39916491069766225 
0.47068897733349035 0.9153340676197251 
0.9507552005460059 0.3894765158295673 
0.8835098735302266 0.8672085645158774 
0.44297903988848975 0.9263135467329566 
0.957533535788054 0.3816616589844136 
0.87771167205214 0.9081054402544332 
0.5059001125523425 0.9505956936669231 
0.8668805417445247 0.6150661193877577 
0.656562392776526 0.7901562514036378 
0.6563547898181935 0.8041769735284819 
0.7613614434401859 0.8449968316989178 
0.7721477696710407 0.8504008656825904 
0.8161012776961977 0.8761447980052954 
0.7130928514569274 0.7019961387924838 
0.862992997292863 0.806503156739092 
0.9727041821280649 0.2741588625991733 
0.6884023850483934 0.891343443416256 
0.9987485194905956 0.094975709402504 
0.9541716290392607 0.5163210947683609 
0.9138490953559643 0.9065952500615597 
0.9205739276158095 0.7448975759938283 
0.9871412036717672 0.17809526008497945 
0.9791515041739537 0.9532183617233947 
0.9466857277473898 0.6224285304386377 
0.8182397112214183 0.948185721068611 
0.7075098665749456 0.7648060118076614 
0.9969160685100346 0.40790885758970497 
0.8491124303226253 0.9405041128173333 
0.5280302907203198 0.9877173038085504 
0.3231305672421647 0.9709998968604242 
0.8076676570002639 0.9769289447064105 
0.7243799317165346 0.782567477704715 
0.74397077521174 0.7470294413078948 
0.9448878733137843 0.34049107522010424 
0.9827648676240462 0.6699565719909882 
0.9725430415924096 0.7673249761263078 
0.3704514739302761 0.9506689183157322 
0.7984860104542328 0.8110972819242283 
0.8637753393918332 0.5174090962634611 
0.9224268613128471 0.3879571529573308 
0.9662936811164794 0.9395704928058322 
0.9199678392930196 0.8023083231158034 
0.8560264574784142 0.6142812153620413 
0.7476077289140434 0.8428975182924676 
0.7637238026652062 0.7609814975890572 
0.5694417347092262 0.833136600752357 
0.6044791323617431 0.9059098292674324 
0.5823126691042242 0.94641017380277 
0.8231340468615762 0.7461460481136445 
0.7136807490851973 0.8517908053983088 
0.8874156385721828 0.56792495937262 
0.8338265849269149 0.9628416546324702 
0.6342707740585337 0.8616129825044561 
0.9532282152703655 0.8363173518399044 
0.8791039136204887 0.6672343064522043 
0.8495375726560899 0.5603658711802545 
0.7750574625659664 0.8933632226532102 
0.9959525584467369 0.3159613642538185 
0.6301190624470837 0.9842818441531431 
0.6211212023965488 0.8012140023109309 
0.9445278899756824 0.9944629139580196 
0.7294804519412785 0.8935231191806021 
0.7765059893984536 0.7932085377932786 
0.8073243037386431 0.860132973304105 
0.6096949891339596 0.9224961026222965 
0.964477034657599 0.8014372875950098 
0.9196255076997524 0.48423199786862814 
0.752791606026698 0.6819310578229714 
0.47477681148626416 0.902691727651318 
0.855884226770791 0.9886638703082826 
0.8808964400091573 0.48645311805589553 
0.8811093758707357 0.7095464584037505 
0.9513996503278691 0.3321218518244855 
0.991304156474248 0.924528816574604 
0.7603670555246109 0.8614567635539033 
0.8905409007120767 0.4973674412521828 
0.3258528752924241 0.9760167488758088 
0.7994022705251453 0.6616804270159492 
0.7501492005849483 0.6950009924280711 
0.8411437686001616 0.5765669883760671 
0.8946437357533914 0.5750218295515318 
0.42685363793158404 0.9560997630617647 
0.760144662247926 0.6949041310989942 
0.956403214630362 0.8760242611517662 
0.38957048126543214 0.9556977847989974 
0.9423030905720424 0.5647025468102387 
0.6914466875344253 0.729237499985805 
0.951897811505638 0.8216340152322463 
0.99579570295312 0.5374611589475901 
0.7033700388949093 0.9147288910252757 
0.576199423344834 0.8686836557233961 
0.9988032815290895 0.08420679786625274 
0.9970473465344134 0.44431677310451145 
0.7491004161015838 0.8780491282389897 
0.9942407151222068 0.8604828325049463 
0.8173137075723788 0.8345442714351236 
0.852015591489845 0.8670828810696484 
0.8616468709947339 0.6078077953569806 
0.8571109182634099 0.636410507986923 
0.8945866178288558 0.4494075124693797 
0.5625581558805707 0.9080734325901983 
0.9978389188891625 0.42148504211703275 
0.9006419145491923 0.6706343841054664 
0.9212102809653638 0.7139273955762907 
0.8882792112805237 0.6131632671056897 
0.9121995707223178 0.9824396976602262 
0.9669762646202531 0.5828810011552868 
0.5646133207875038 0.9641112854131203 
0.9109091820354528 0.5470862976784939 
0.7656516701855518 0.7841753538355216 
0.42552557856272377 0.9183743336085561 
0.6823628903106219 0.9029016267524992 
0.19580656328703594 0.986066923508987 
0.9311262972481128 0.8519866546065693 
0.8455317512860584 0.6170241036501832 
0.9769302551006203 0.817989221824735 
0.8526315492336685 0.6416877109051586 
0.8026925533388066 0.7337848851700876 
0.5691230004188054 0.8994620212072716 
0.5923006206070576 0.8480484357014405 
0.7367618308550433 0.697409932692962 
0.8761384368013867 0.6519189131996215 
0.8863730695913054 0.5941561224638098 
0.5598211211800238 0.9929494664160643 
0.9144037223505462 0.9921746298077242 
0.9666940838870726 0.9831500767453684 
0.6347828055762036 0.8907339672829034 
0.7927928602707777 0.6198174580988128 
0.7118739308439969 0.894844769615901 
0.893733606365882 0.9154672975063128 
0.9766015770090015 0.6532022359961156 
0.21539275349990417 0.999675297636371 
0.8820889340226743 0.7748735675369754 
0.6873685687833613 0.7347574307675605 
0.9689758702712612 0.6674696830798009 
0.918772379537275 0.857498719594278 
0.56431690679743 0.9883389955631542 
0.8119205762254169 0.781240230238552 
0.8025222776313943 0.705299695939843 
0.7821601282359367 0.6562318977507722 
0.6593771118229709 0.8067278688891264 
0.875684196513093 0.5192794737570342 
0.5936606088912388 0.8101524217773625 
0.5028046334287816 0.865153070496901 
0.8190270582208229 0.7141927314920729 
0.529123354404716 0.9265376317126346 
0.5783677695448831 0.844599971851525 
0.4035400586117488 0.9758720040422645 
0.3459164781331404 0.9501471944597002 
0.7403557418492458 0.7219457242196498 
0.8693290032343002 0.8233716001905376 
0.7102290948322688 0.9530398879627795 
0.9497195835435646 0.6812715142426838 
0.8412479392242571 0.9785229787353007 
0.9984071057838905 0.38849563341145377 
0.9782254229164945 0.8463036505870085 
0.7381767934135667 0.8027653812298662 
0.7444207059966895 0.8815366352499712 
0.7032098549079123 0.8744598390097671 
0.5966373769446217 0.9336233384322903 
0.5446883348840282 0.8454937198934807 
0.5120535510272352 0.8924478463539744 
0.9659704255269831 0.7085205136975764 
0.9857821160366336 0.36203776990493697 
0.6334056631804055 0.8652058898135694 
0.19911260650444462 0.9994175653618268 
0.9351966258924566 0.8002451944167203 
0.9381205964519151 0.5092794257971177 
0.7881908145777796 0.6525633970075235 
0.8724494427539167 0.5746571844847335 
0.9659313003764115 0.8089073711062473 
0.8095410473195036 0.881259171588039 
0.7062348872505188 0.7676524184563176 
0.8388494809332926 0.6956674164543545 
0.6768422149326837 0.9391340363150116 
0.5089485087568483 0.9546631689444924 
0.7992360487383185 0.7013391780697285 
0.6305910304444355 0.8105138629659819 
0.47167708353285065 0.9175733908316122 
0.990121769446717 0.7734919974571225 
0.9873901985316539 0.3619949579711971 
0.9877496627002939 0.7671903488713473 
0.8158523939057031 0.842065103449837 
0.4218151600534994 0.9707878439395096 
0.9944799520051056 0.5660171523647077 
0.6324363555826856 0.8843874290090972 
0.5834661348626704 0.9547389898585931 
0.8472794800957101 0.6748320453057669 
0.8906940090974839 0.9132694822942149 
0.7764898008162796 0.7169247264301607 
0.9228146349008757 0.6523524592829654 
0.7009878640165828 0.7472540900673996 
0.8544883894441199 0.8265330033882686 
0.8595745525764623 0.7434541922022632 
0.41480046979117813 0.9921372106878504 
0.7330883758993308 0.8149734166291009 
0.7492740553134732 0.8429819611470724 
0.6327520769900482 0.88930039041959 
0.9552122888664049 0.9676051544099192 
0.6261815157001277 0.7965078533069504 
0.6838190764938515 0.9025522870243688 
0.5769738421861984 0.9456648680626627 
0.7168073157639704 0.8351866372151925 
0.996692451368149 0.8691664599376616 
0.5538374995907523 0.8936804489626412 
0.6968042975667768 0.9761260367848725 
0.9725977964247032 0.7520285367611995 
0.7729761874073651 0.9361882795885145 
0.7258316750397292 0.9299723899747268 
0.6352042747766287 0.8110016373648666 
0.7326735494114507 0.6970789579098692 
0.7469995893727491 0.7542771664075686 
0.9786475580264536 0.9483361487725467 
0.9187413766199218 0.9826628988836326 
0.8719311794555656 0.7721364558668774 
0.8985523460389531 0.6437778260650675 
0.9366437735237371 0.4321173437882758 
0.5996865685591033 0.8438199933494606 
0.879749050154194 0.5991300257810405 
0.7884947259717674 0.6172874631682824 
0.8352818083181865 0.6329599441290341 
0.5547264016104554 0.9222078163165504 
0.09089584550623142 0.9978821854738718 
0.6274004223214364 0.9551147541645559 
0.6810695025288728 0.7482293845081898 
0.7696400225750398 0.6568405237527931 
0.8431259126994747 0.7129126425525356 
0.7392658260793824 0.8954993120713484 
0.7523761850398728 0.8210878567061638 
0.9494011419091486 0.4591643442735439 
0.8034795684601604 0.9193084230319045 
0.9430065016301674 0.3356936957398675 
0.6764076782874163 0.8481210764846911 
0.9712514159818415 0.6612664764427809 
0.9126365434690971 0.6526636320153995 
0.8672358025400105 0.5910914939563191 
0.6357090920918881 0.8097546087288919 
0.591616066331586 0.8601937073767253 
0.5875893052183626 0.8931083833888968 
0.6810636218557993 0.7436841391427076 
0.8231445514815796 0.7693566913559433 
0.6864757899569374 0.7824869896112304 
0.5950829647522607 0.9630317627040488 
0.8650711524252214 0.6410332097226498 
0.9626933061165404 0.8741837717223412 
0.6215201755171714 0.9268033955075001 
0.5925291999476695 0.8356480348985507 
0.9050400118694987 0.8570473962652545 
0.8482659461124423 0.6998978248041975 
0.8225476027605837 0.8104627167496276 
0.9278832229804236 0.7836727999409545 
0.5921795412302243 0.9236587488586987 
0.6005630582406333 0.9621893461482208 
0.930086965168444 0.39744727412766756 
0.9270423039697514 0.4612574785799799 
0.5572063850306601 0.9953789947328403 
0.5319457505039575 0.9206270455462302 
0.7049913003763777 0.9382495261530432 
0.7798072488419215 0.9526510491352087 
0.8137595694740736 0.6962322108433319 
0.8517860326997266 0.9770386492753064 
0.65652151556092 0.8378735201993397 
0.9793504449774931 0.2386148280272662 
0.6716671593175878 0.9557877485791144 
0.7011531566223189 0.8461538744100504 
0.6416382419070394 0.9907086283293789 
0.986340837587154 0.5200361113614564 
0.7965606842111965 0.6582485364089385 
0.9853153980418143 0.25712665479759234 
0.9617974733872832 0.5303188343166998 
0.9783609025543083 0.6833185911634684 
0.7418779299870505 0.7312359169068611 
0.6454715449009477 0.7895426901202461 
0.703521977630809 0.9726747128154323 
0.8766589109114209 0.5051392316012956 
0.7045945506768401 0.9324792134251765 
0.9906572443265834 0.9754972521738456 
0.995022267920877 0.32447792338218684 
0.7045309726828706 0.8241675173827913 
0.929739431674497 0.5533986208703687 
0.6832309974468708 0.9376303316376889 
0.8978524809502959 0.8703057026989166 
0.9299334239454349 0.7407604260565293 
0.7384053915989826 0.974890522722938 
0.6413870681832923 0.9108296633942562 
0.5736778535348747 0.9731706723420332 
0.8838568426011851 0.5645935989939713 
0.9647559372502587 0.2873084108393933 
0.30401893650719236 0.9951756942347186 
0.6986305466755018 0.7777909888126358 
0.6149895059031405 0.9744946475271887 
0.5710964249678819 0.8752794449770256 
0.7294773610677515 0.892697837328424 
0.10910483694581763 0.9982022903092926 
0.8669233017310701 0.7803426021371459 
0.9014096195935398 0.6548948105338852 
0.5670874512051097 0.8645618945621992 
0.9567295684695724 0.9906297692379665 
0.48573265511024444 0.9810010402734637 
0.8865939541464296 0.9144146973789372 
0.8983533953218154 0.9268227996204663 
0.5006539677382512 0.9042358236392664 
0.9152102006737368 0.4243888712609506 
0.9821043230786567 0.6577190353962217 
0.6901375626757493 0.7953307822295386 
0.8639778596093457 0.8959225196964478 
0.47857086178422137 0.9238389786787274 
0.5806280073687312 0.885196664666772 
0.9322279057722296 0.6575401554313338 
0.8128831327632581 0.6811381742141328 
0.650670572968077 0.8095349264784006 
0.9620315684701878 0.9539792601286173 
0.9928938028281554 0.5048543750824811 
0.9870620991016555 0.9675596860302068 
0.9923863313717927 0.8076963416762268 
0.8207977827790011 0.706511244625135 
0.7649861305633161 0.8654956843952663 
0.9411095825097078 0.4514995489053416 
0.4682004639217362 0.8898728368293669 
0.7483408811519544 0.8372168243251825 
0.865708181198714 0.8722725116771775 
0.8115377052812325 0.7310322990284526 
0.6405750440243789 0.7951269384269026 
0.7944042937893672 0.6360354657720262 
0.739008592361792 0.8182521602674822 
0.972343571394136 0.8021826825468377 
0.7057065602297896 0.8277091304790912 
0.6304159346135455 0.778851576446561 
0.9160063609119881 0.9862000374973773 
0.8330488840996392 0.9312789053125049 
0.8679574344135709 0.8934805017867999 
0.07695668610755535 0.9987468018101585 
0.6149347215379577 0.8314268235502121 
0.9713466779174812 0.9675144602377801 
0.9169370448477108 0.6093368859682121 
0.8911836206887996 0.4548563620203476 
0.843644714352683 0.8287822738609788 
0.6508927188479963 0.9175409445588664 
0.7144595762664566 0.9162678415850883 
0.8196565641092293 0.5892452246238289 
0.981186104608326 0.7372060845763592 
0.9066704617715611 0.795776517459492 
0.9980922195892137 0.8987292690536527 
0.9944432808914571 0.7477463502711013 
0.7453405563369763 0.8178758962813214 
0.833954133484759 0.6583700132889824 
0.7173903351135728 0.9423137848412931 
0.7154769214962922 0.9233870188319498 
0.9925098837699219 0.4212130115351581 
0.3315630316772957 0.9732729227251903 
0.6747477715106113 0.9745618135621023 
0.537408839841089 0.9833997767778945 
0.8868609254112159 0.9050906521340503 
0.773185360799823 0.8063954690459385 
0.869032238297564 0.6634512925168783 
0.8965946214839929 0.5531754744992662 
0.6558089049638464 0.9067888820230352 
0.9966794579659016 0.6552384197375175 
0.6560609193989523 0.8845278606073571 
0.8314430947317125 0.9622642203767119 
0.9055876467519841 0.8980668997090139 
0.8711830665978764 0.8994051593954066 
0.5957710526886866 0.8489646761569473 
0.9302976342372982 0.9759287101759095 
0.7441228331301014 0.8449748911938234 
0.4053868821797393 0.9461380785840742 
0.3711198860162138 0.9856179135167304 
0.7984841102634928 0.7627016947638828 
0.872377701102188 0.5025649637769224 
0.9566945299541153 0.8881636666157576 
0.9355238657246794 0.6020444472921006 
0.8600665738527854 0.852688860009585 
0.7475028051761079 0.8933897647950636 
0.7321359801052277 0.9234161300774859 
0.6262932011887743 0.9965369990141236 
0.8900653820093002 0.5830322779900763 
0.7933726845786763 0.7661576053379758 
0.6925511915355774 0.8980124231172844 
0.47666112691862605 0.9537398231721969 
0.9069488681926016 0.6368029952575652 
0.6374167370140232 0.8748655063571062 
0.6793209827372346 0.7893239490651203 
0.9687192268686216 0.6560756574663924 
0.9447976098245098 0.6749616720470175 
0.9408221962488729 0.8892549817253915 
0.7472578513911962 0.9938720314176734 
0.8951133210401603 0.7147899720139005 
0.7845148602989468 0.9253472097005748 
0.9149059675898357 0.8945281875925617 
0.9263259983262605 0.9690604263973229 
0.7710117701678002 0.6908360930681259 
0.9758145720539305 0.7643202901837487 
0.767734164347119 0.7664480884213388 
0.8433624142001337 0.6471621860199449 
0.5185843073268791 0.9358874300011762 
0.3964089679318933 0.9846226379630038 
0.5318042350529579 0.9806466478555786 
0.9514539794904314 0.3641143529209885 
0.8999670363691951 0.6451471672063044 
0.8198578490981631 0.8913303166799134 
0.8151844046675455 0.8206115554857053 
0.6396504648751987 0.9350610143848359 
0.9912861901936697 0.4200287503852618 
0.997228287517934 0.9391989594104 
0.8222302153738882 0.6243380521928105 
0.6288539717032058 0.813576177924755 
0.48720960835486526 0.9016572360466488 
0.843690403120128 0.7320301918775702 
0.9484373819999717 0.7781703050773802 
0.9675060328722389 0.3619784917991349 
0.3984589518375692 0.974869874155018 
0.9691998963651381 0.8406379578771521 
0.7966401846007304 0.9145020542040987 
0.946742849346058 0.47513772550677036 
0.8948401610717209 0.5111849849261951 
0.6303057794605493 0.9106724539455605 
0.8535987051232546 0.5398580480342959 
0.7036636554586899 0.7284413584516034 
0.992073638555298 0.6012717929867006 
0.7985508653008402 0.6238541065913332 
0.5074943707085611 0.8975301698101462 
0.5425404575266362 0.9057805866691793 
0.14155853144720787 0.9935191873946088 
0.9419634499517192 0.8639479688740528 
0.978152022618713 0.976393585718686 
0.9794777216345985 0.5514939554617754 
0.8378523363717297 0.9255603564652912 
0.5592058936154576 0.9388302704746859 
0.7118879015326023 0.9661414811136068 
0.4364259371043352 0.9822716302174174 
0.9303414321439529 0.5297921063160445 
0.5152244082497822 0.9879979850000964 
0.8007016856449257 0.7258956754601653 
0.9777725118100269 0.9450380644965549 
0.9093438970139844 0.8353029497824319 
0.5099268561066981 0.9343629196051202 
0.9084621625432595 0.918240933511894 
0.6047159905696169 0.8540135926854056 
0.510963389382592 0.8883720454841905 
0.8886533913391731 0.9013614412690509 
0.675762274394575 0.8189235786371798 
0.6493003336627171 0.931189819351827 
0.6334882392262261 0.9418106660387964 
0.8954485234729916 0.7958366865306268 
0.6067208175262983 0.9387904387477701 
0.8419599150402343 0.9322341330305368 
0.9811676864699095 0.6079648958780678 
0.7648189326041838 0.7932986750130999 
0.5915713931005158 0.9399352677233893 
0.807091706313708 0.862352992077013 
0.9973861500739174 0.23813550589328092 
0.9092802224987914 0.9052886769802807 
0.8871161806949126 0.988322069478598 
0.9400791062123637 0.5894904432603695 
0.3758130428903814 0.958579928273878 
0.8586905630699657 0.7789650095519838 
0.8251810905922737 0.6792149201360353 
0.8654137303842427 0.8234263761176395 
0.8079807205566976 0.933504986304617 
0.790725308182606 0.8701280012724781 
0.6064803221994787 0.8762483785261732 
0.9102201347653178 0.5828273141915279 
0.5199523066118936 0.8675747017305011 
0.9777920622794193 0.2789088136963531 
0.9189496654953255 0.9588956072385015 
0.8231703251509654 0.6007168863138727 
0.953692647055938 0.5430452605231492 
0.6892681043223456 0.9250814330177091 
0.9148301004655893 0.6240423768667849 
0.9373585960086003 0.8381474460609036 
0.7658142360774641 0.8123956422621897 
0.7126009038290881 0.7802438328302083 
0.9515483626474794 0.9519771686320742 
0.7559278630111473 0.9036371782125295 
0.9261932828557528 0.5686244278663066 
0.6587234937140576 0.7684831262574571 
0.52257502211562 0.9997443009835749 
0.7670183793178458 0.753478514344416 
0.8975886497250702 0.9973375691140619 
0.9139202519221256 0.8255477668202623 
0.915867253894206 0.5970426521748353 
0.9487236422535286 0.9010444596775735 
0.24010313854871335 0.9754308326980025 
0.9970055910166703 0.8837480582053195 
0.9544419046685115 0.5968907669265607 
0.863175677781099 0.6536075582548597 
0.931244689105249 0.7593463449683512 
0.9882763339493684 0.9266563273056346 
0.7938002534983838 0.7306373894362103 
0.9962144567006957 0.5184646552681252 
0.7296758581482212 0.9118835763793969 
0.9418174502492435 0.725796457437152 
0.7497010982783926 0.8794740589880681 
0.7097590195218636 0.9472728599742853 
0.8022086178837885 0.7867941528013592 
0.5603574935922998 0.8992932090898871 
0.828998837596503 0.7887751777612785 
0.6243587608544175 0.8842333668183193 
0.7321810141848629 0.9533449034956499 
0.8130494833927474 0.7300597565593567 
0.46406780812067594 0.9082593854126249 
0.5291562563706683 0.9523216792067639 
0.961844500810242 0.6325825613829021 
0.6942581563112677 0.7689005268607972 
0.7901504319687717 0.886972332262846 
0.903644710710079 0.48520245880669943 
0.9115799767731335 0.5079777421085211 
0.5414859758731945 0.8609469635471307 
0.7779607152695472 0.9655285033171637 
0.9124223979373705 0.9876148471337027 
0.7774352306207043 0.7016036003142405 
0.8387832063024697 0.6648421987367372 
0.8182804324470784 0.5780867781064629 
0.7292166218876022 0.7704397377699566 
0.7665463749281833 0.7966783447674429 
0.8876562693822242 0.5504223919725416 
0.7529948165947222 0.6605089553370533 
0.8611108228231754 0.5261948929667147 
0.8738554816410005 0.7354679750826658 
0.7376651121088745 0.7786624788381058 
0.9861714818302156 0.4462551976289436 
0.7376199545747258 0.9106823463195727 
0.8720715017617195 0.5193624038568331 
0.8624575417084351 0.8590835999156333 
0.9553530415975657 0.8304058097299439 
0.982616188697123 0.6678470739635173 
0.7432735467805733 0.7579796410768211 
0.65274425905787 0.7871589991897752 
0.6389066511984506 0.8115560739811952 
0.8657551578303155 0.5306332240921793 
0.7768099750616291 0.7418595900903034 
0.8542122779686933 0.8099103525901911 
0.33662402800911584 0.9444382522713703 
0.8855316768524701 0.6233593169089547 
0.756745995849202 0.8421156362317904 
0.8157675707681906 0.8328457160436896 
0.9740566492266888 0.307883300243891 
0.9386093589862416 0.9814092513018761 
0.9836900087429724 0.2825937985041067 
0.6910243616817187 0.7488315633862627 
0.7575872480776075 0.8347733073560544 
0.41567633169787843 0.9395382714239464 
0.7270875448419197 0.7803695803819528 
0.919153733958285 0.5394117795337485 
0.36861910727564096 0.9346141148466253 
0.9143630007341671 0.516933775352894 
0.8639098940272508 0.8268503090291652 
0.9375462423533767 0.6584485706663524 
0.9972367916356184 0.845966449286211 
0.5269303286822455 0.9600846058002187 
0.5611980522207339 0.8716229962066572 
0.4704155732263422 0.8833326441963203 
0.7665742097403504 0.7707849366183293 
0.9456682646320418 0.6643120813527414 
0.8852360927867271 0.7338201030571166 
0.9487558831799207 0.9297560151847294 
0.9431890508802229 0.7693614092118257 
0.9934299619501858 0.7620935261858677 
0.9031486010208261 0.8870185283669508 
0.8099048196480939 0.9190164697346963 
0.8476883348108417 0.978502657736813 
0.6544049062625815 0.8459022911294324 
0.4598834285237702 0.892693405367838 
0.7738928582459724 0.6364381514932869 
0.6301531761849802 0.8804202512427698 
0.9220986317946531 0.938959355183713 
0.9421831632920814 0.6721018265266182 
0.6635559602189258 0.8813121775757199 
0.312207005333746 0.9763187086992987 
0.5067937612951067 0.9727105932126785 
0.8255308615980986 0.980500546846955 
0.8643976698418981 0.8668624022649868 
0.7896413731366445 0.8607051878312592 
0.864073857537022 0.8773151471201095 
0.9693913709133267 0.29376544797501036 
0.9759498673533076 0.983754700760176 
0.7668746596615469 0.7929596685642964 
0.6336927202983117 0.973618271302555 
0.24777182491588634 0.9945808412846314 
0.9274596525000278 0.7395514628150457 
0.785208996795261 0.7211383171505132 
0.9104594024617352 0.6199177854109648 
0.8998496906017904 0.5488922517750907 
0.8829998659609822 0.6797627236093156 
0.6142370723433509 0.9286068932391868 
0.9962167670214603 0.5933725797553702 
0.8898179006395172 0.9395220506013797 
0.8338220947304849 0.9568801260862084 
0.9718907738451675 0.5001556868392372 
0.6453000822050818 0.9562013072316902 
0.9950711599464942 0.754989326656633 
0.9990345716903878 0.6063315089209386 
0.7875136687660502 0.7010716751987509 
0.930306464296489 0.7082376403304673 
0.658679257020179 0.861275588204344 
0.7384445478435993 0.9877979671189665 
0.49342885255989843 0.9563838626280862 
0.5298082907152983 0.9423697533216917 
0.9036473813279462 0.7037802277029921 
0.6922951259325505 0.7825309815609555 
0.33543433576264037 0.9719368280710242 
0.6504992589970745 0.8875582781017892 
0.9887432009194533 0.6659045280800574 
0.4924325744288318 0.8880358264284576 
0.8557033200207121 0.7370242628963929 
0.8352640231250452 0.7786357740806351 
0.8640948726593493 0.6518105347382156 
0.9671798501223388 0.800007954626229 
0.8543549134831357 0.8101642425865062 
0.9889933564392427 0.6222055723850421 
0.4990037650735375 0.9903125200261718 
0.5852164040196015 0.8846456831363314 
0.4676054674976219 0.9380781399545507 
0.8779001358367663 0.587804971662976 
0.8311431092412201 0.8277387435080823 
0.8927519512778801 0.7709598511581943 
0.8841583536147893 0.5151553827287815 
0.37123277845769087 0.945550276094123 
0.9949934172703544 0.7456976787790243 
0.7635703480486227 0.9791756686264568 
0.3661175295998328 0.9760838704657181 
0.9001871379189755 0.474546827637194 
0.8461670372103453 0.574532273408374 
0.8586623284524795 0.6728181315967724 
0.5466908754486292 0.8528533183320892 
0.8683208661142351 0.9597827892784538 
0.2991036602838175 0.9793712733875855 
0.8362705686162535 0.6694131871010318 
0.6663428733430347 0.9188762723348033 
0.7557367013556588 0.7167618393309032 
0.7900188710459726 0.6603022720722236 
0.753162785625891 0.6733864527450644 
0.43326661735768357 0.9411448951405388 
0.9862795654367335 0.822186296505031 
0.8916055121408689 0.9202471922212967 
0.8369641178074041 0.9363879182169074 
0.991445837539305 0.9459777403459629 
0.44801366919195773 0.9486789406714297 
0.9446532320645658 0.6852372347211235 
0.4110061330955954 0.9209408370823404 
0.8713000786256468 0.7538141921367485 
0.9546067059526542 0.31975579811485955 
0.8248794084185064 0.8563147228610309 
0.9793115377340615 0.8398997921382959 
0.7662193827603503 0.6648399782257046 
0.9262469522417596 0.5018037405061775 
0.989096585942988 0.9049750809620932 
0.5977606223809193 0.9884000936034046 
0.7676566637401162 0.7115168215483969 
0.9274135005549545 0.7624226621147635 
0.8321095844210109 0.8725592221720012 
0.2762935398183999 0.9725415872438361 
0.5948125991424356 0.9586940964572618 
0.5837135419390975 0.8309637558094406 
0.7878629579348153 0.8153897365168339 
0.9838421653554033 0.8449803568601665 
0.7346444160552008 0.7456483574639418 
0.925398514847295 0.5507080510327731 
0.7338105592257014 0.8432288782235065 
0.7709575256888896 0.6981082654017222 
0.9181576166435862 0.7083504826708549 
0.9656321164446166 0.9747618905646123 
0.7150139704019532 0.769809744619382 
0.5691718140086173 0.8827964416788744 
0.7415345630997321 0.8968026399984778 
0.9759894611127347 0.6628639286250749 
0.3136154831564286 0.9526735828272209 
0.9000923283175862 0.5091729163864117 
0.7258969441190811 0.710549898001674 
0.730229932333737 0.7888422798332546 
0.9172768583292312 0.7959957932768269 
0.6358422511510132 0.8029294709801095 
0.5958146062857563 0.9147888569372792 
0.9719683325528825 0.9018015713635074 
0.9061951330310707 0.7923584232848495 
0.879818892626116 0.6275266958347058 
0.8337336943565624 0.6398605186294776 
0.9713966748006985 0.40023879767446235 
0.9686840170584722 0.9777838818778326 
0.8804501942590729 0.6841696892366342 
0.7271224737728813 0.9174377831632281 
0.853262672167063 0.5476899919827557 
0.9876279521412642 0.45842794025649924 
0.9598650545645705 0.46965666859469357 
0.802766715206595 0.8512359829675478 
0.718277038243992 0.976992337312283 
0.6470472822070166 0.8054074544137301 
0.924067133927672 0.9889948962832369 
0.8907748278741164 0.946683553477457 
0.9682461079173024 0.5921770008862888 
0.7237713737583072 0.7668194796845281 
0.9241117718332814 0.9293975816720634 
0.5725503463269631 0.916676363254631 
0.9869201933184913 0.3483386147860348 
0.766169002883073 0.7806967346837962 
0.6971485782898748 0.8436276864869198 
0.9331387084829138 0.5236344337919836 
0.8370579501117534 0.7577636494392372 
0.736568393055142 0.9982058314655664 
0.841648602411869 0.9574767824655418 
0.7285226001659266 0.8968828334417639 
0.8777993933496383 0.8241852265605686 
0.24495489060110254 0.9859360315504129 
0.6664290406999055 0.8678668905553689 
0.47287107988245625 0.9405878976973863 
0.9388277293328016 0.469042879831446 
0.9460123508067306 0.8486188842740797 
0.9578501882253789 0.867963666368011 
0.7242424739161331 0.7420459204682692 
0.953079725566634 0.9756896051120908 
0.5220812694531052 0.914125326674351 
0.8851011481991664 0.6335680437624673 
0.8665186989083924 0.7295730222519833 
0.8990632020213449 0.5670034912121117 
0.65494138978868 0.985296841259042 
0.965050581059295 0.81170235967783 
0.9891243743159218 0.30760826866649815 
0.9487792982101233 0.7330419923347052 
0.49391892668803095 0.8774405476673774 
0.8995923573245069 0.4785372180012848 
0.8811211155322439 0.7418636308272262 
0.7963028710461497 0.6803523080090725 
0.6889858917028813 0.965964071363498 
0.48961785797951995 0.9989077898098546 
0.8715767276394015 0.9667005615112166 
0.9195989608668537 0.5954905708329331 
0.9323803696185484 0.963516015231657 
0.6186008816768329 0.9171373217052626 
0.4801676314643175 0.9335195876515708 
0.7456709643714076 0.7880547629642219 
0.761373349713051 0.6553463397160961 
0.9254182128324433 0.9765946634419378 
0.9720589796023013 0.4955003290637099 
0.8726301667911766 0.6543099022792502 
0.6004465361502095 0.8397789709961476 
0.5341608089563697 0.8539935596960249 
0.9571579047028391 0.48069798400565933 
0.7270758763232065 0.9823605962496534 
0.7611508497491104 0.9997308368402444 
0.6718649374681669 0.8515582107214811 
0.6804916717789914 0.7955408073411903 
0.7686116680336578 0.8469698550490025 
0.9736746466209345 0.6241320759979389 
0.723326979017784 0.84572217969706 
0.6474660622580426 0.9009116618902885 
0.8688007352414002 0.8098912590196489 
0.5709898933061882 0.8791319554580722 
0.8150973050936224 0.5843047412211083 
0.9155905057090135 0.942979690418692 
0.9897581569497187 0.22584693170218306 
0.754877183673537 0.9069152684378905 
0.684430989873444 0.9628478769875544 
0.9995699637936543 0.38726268103605255 
0.6916502924421428 0.7743181980472681 
0.62797633228996 0.9878178612540994 
0.6821051706419388 0.9443081526646857 
0.5532676155900393 0.844282471068832 
0.4629697492194168 0.9269091967357271 
0.9775335940768989 0.29339365158222486 
0.6487079868588257 0.8478027999671146 
0.426197521111353 0.9077689659933055 
0.24292826755452168 0.9852493223468123 
0.4932812688161228 0.9896327255078265 
0.5201492493322806 0.9895584952250635 
0.8001935952300232 0.861148770708384 
0.6837370024157586 0.7980035744086768 
0.8112866531112171 0.7722653805337886 
0.8978601336103286 0.632733434804875 
0.5958040061779405 0.8732658001945897 
0.7139592198108593 0.7155749516216305 
0.8206393973265961 0.8075884485018122 
0.8699051217692242 0.8030111201478247 
0.9536548135463916 0.49243364298167347 
0.9332322381132999 0.37009804446834305 
0.827255985846599 0.9316234017159872 
0.9995995034259602 0.9491742300951519 
0.5928587592250453 0.9275253520432378 
0.9542483467746331 0.9064818448251276 
0.7791682107791331 0.6459111807893391 
0.79698867622852 0.8063271451512755 
0.8476720494071174 0.8804115685282403 
0.40882690571864755 0.9690407368110664 
0.7956970781708512 0.7476344589944791 
0.42323662033716525 0.9789933935810046 
0.9511491123902175 0.5714686172352594 
0.4581330264932687 0.9995619062261965 
0.5432711176823253 0.9896319815672233 
0.8102454656644695 0.9914262733616934 
0.8306666860644686 0.9734767879409911 
0.6497219784450817 0.9470656720338294 
0.9384159675117177 0.9632685803902092 
0.5356670540569916 0.9547359137275659 
0.8528210265194901 0.8630167060425754 
0.9164321065135086 0.6796265331303896 
0.9517754411085562 0.31819311391936367 
0.9098661484798576 0.7564808244389327 
0.7980964740573278 0.6415281243632 
0.5755844992318442 0.9337493360133725 
0.8313829310718207 0.6265120665351767 
0.6600003885053212 0.8080425132945899 
0.8902243080912473 0.7891436141733047 
0.3689948950103178 0.9983093608538884 
0.6097380302794052 0.8161730241003318 
0.6833601568754568 0.878058247667633 
0.7334762857621411 0.8662865807380595 
0.8960542158312254 0.8613494051362168 
0.3206171955778 0.9875262533199568 
0.6996219581456277 0.8827808524980268 
0.9869735001691298 0.30863704310217754 
0.7982517003880444 0.6615621523892973 
0.36964996167678754 0.9404383382846487 
0.7259026299693497 0.7296616606451549 
0.7087215791579816 0.8760987670113713 
0.718504988134215 0.97584876846967 
0.9143624191267558 0.5720756614181288 
0.5648093746231528 0.8908026639084026 
0.6229896631703302 0.7969653121938891 
0.7760379962657631 0.7669227632210793 
0.9327897671948444 0.7392204795610223 
0.9474093922930825 0.5625005993289947 
0.9450522398249958 0.4267461958079486 
0.8210009545244895 0.9425067316270792 
0.6209597378394499 0.9782016042620222 
0.8907541939015166 0.9409149260823249 
0.9552271180760051 0.8814906052378979 
0.8114081162800346 0.6995534947502957 
0.8653015840663287 0.7231406726126909 
0.7528063049238147 0.7372438540291434 
0.33844255999566497 0.9816905059335149 
0.9385622199922778 0.8831440548211174 
0.8580849311958506 0.6995444135006614 
0.9315739600100787 0.6519172482651957 
0.5685718588602231 0.9847448295492399 
0.9374260973825044 0.9223287455032647 
0.8376614266173685 0.5765708367893367 
0.9701131682433854 0.4093891237311885 
0.7851035648750802 0.7991003117524974 
0.9172264248121168 0.5311723258541874 
0.6512626522992201 0.7691301936283507 
0.7789471622992565 0.9648476385684877 
0.8937750986273086 0.47737133285828015 
0.9476894317516193 0.6234187767099771 
0.36398627723939336 0.9727385130792717 
0.5971883489023317 0.9175270990268796 
0.8359657598941543 0.619124657461832 
0.9266965906240177 0.5196925150698061 
0.8860494638295289 0.9989304187756093 
0.999447064200339 0.7946989486776419 
0.8838201069235143 0.7326365192241359 
0.9122120469630934 0.9943030601596686 
0.9367931125730596 0.9061037521851257 
0.7835497838523924 0.631664089709364 
0.7364663101835455 0.9813755783604631 
0.8879467397173888 0.8259640132854528 
0.8355773146640898 0.8080007799325682 
0.9919549621649341 0.9219088275922432 
0.6329796426685403 0.850804853717488 
0.9500407630577472 0.5854962684268111 
0.9143065399201361 0.6971238433301574 
0.9638741321775051 0.6356560636782457 
0.4241729711665517 0.9319400224376271 
0.65897601228158 0.9858089274554729 
0.9983899922908126 0.9875575318305972 
0.7367277991990147 0.7231841062090987 
0.8208662335720173 0.7160259416514003 
0.9193219734105997 0.44031940866277597 
0.9876444812997487 0.9344979184885197 
0.9636381451350273 0.3953114688568785 
0.8836973027678977 0.6158801869569787 
0.6190675347585919 0.9368912544272033 
0.9638635831550478 0.844045782951087 
0.9401433633120111 0.4099831163984121 
0.9254894482409551 0.9498103853566793 
0.7413679883002822 0.790110609433447 
0.9292766761275542 0.9427938768317511 
0.8041126566956296 0.9782366005580626 
0.9521647645766061 0.9441359404710173 
0.7847174205906339 0.8178530438922693 
0.9034786306582603 0.6297798223860841 
0.8152660708410364 0.7186629717914341 
0.9565855294432215 0.4431303955405794 
0.6952339897291164 0.8967621663330694 
0.7010703343773449 0.7566106583941676 
0.9149457508501835 0.908622941457833 
0.554141442199872 0.9398750687220777 
0.45552951974626965 0.9747007060134614 
0.7146423545209724 0.759834970363754 
0.590878809437945 0.9788982437712966 
0.9357297714081478 0.5487260734367877 
0.9625749652620883 0.5178567520039459 
0.9658209851655573 0.9268855467418461 
0.5434576812192822 0.9416388473016408 
0.7852824955117081 0.9243525548549161 
0.7456212736361829 0.7910536304466268 
0.7382237770827894 0.7833957508401876 
0.6500063387857864 0.796856421767195 
0.5371003703750991 0.9610174743582075 
0.7485098769173045 0.9607110260941839 
0.9445676159878057 0.3528182163532869 
0.9766502377098749 0.6194013355936708 
0.5608226474705826 0.8959432923248397 
0.657607267436979 0.8753653919345668 
0.9415535978069677 0.8208415373283711 
0.9914014779880114 0.5349019044372749 
0.647782949225851 0.7687930869155243 
0.6727729191563258 0.8636703137268518 
0.90537079573479 0.7695459473766697 
0.8823211895320561 0.9352393111657797 
0.43305290012767905 0.9592932362247202 
0.793775208423567 0.7937102978986527 
0.9862852446662654 0.3154096150152643 
0.44841579554980926 0.9814975877392007 
0.7748599007642133 0.903778245422954 
0.8339012211953067 0.6692373712011296 
0.7949402125563746 0.7175451876915141 
0.8958272971477484 0.6609762034430846 
0.9122669636998072 0.5382894703968589 
0.48523624732891946 0.8856297892614854 
0.6950691650399515 0.8087756333217179 
0.9034136619019911 0.6418492892515076 
0.9026943387935837 0.7808793005845542 
0.9944605141076219 0.7510207810727627 
0.924231520854811 0.42558439366093936 
0.5011538988241938 0.8760827487334732 
0.8042870734642549 0.6220798960746085 
0.664921460765422 0.9648337448937773 
0.9212661427123963 0.39290474250982754 
0.4969937102644907 0.9896776210847804 
0.7207770499315003 0.8703000537817157 
0.7981287236910268 0.9981771032867485 
0.8388494582256031 0.6877238610879914 
0.6114140559811256 0.8504869499943518 
0.702076740337896 0.7403935347974563 
0.7484333120485512 0.8016159379721942 
0.952238732404814 0.361653739420423 
0.8288238687347226 0.9393723595692602 
0.7654016243369908 0.755306802212909 
0.9453084963322502 0.7441635945608027 
0.6996599939179672 0.8665293214206874 
0.8593745170782175 0.9987206092110622 
0.7598683307708329 0.8433743287688859 
0.9218646114864198 0.634222585192925 
0.46413763108875683 0.9360477282717545 
0.3150071737249407 0.9623013403675379 
0.6876189467379902 0.839821065290344 
0.9350492399807911 0.6060189735866794 
0.8818564854537221 0.5091763682127727 
0.6614248725670175 0.9161572532493859 
0.8991736800224223 0.8616942202753223 
0.8263423214547391 0.9130008433500572 
0.5335819193362858 0.880343108023706 
0.6065254464240463 0.9579767786848815 
0.7886174588043856 0.749488513130833 
0.7637596655814035 0.8908262577945241 
0.7013401688719573 0.8292474175605339 
0.9428329340807059 0.6868488933805571 
0.8099795141640634 0.6797699130306077 
0.4967823688383102 0.9063760097990835 
0.8826548807012405 0.5876472201488373 
0.6265051060451667 0.8859804857629184 
0.8590377535967794 0.6358027617200421 
0.7823131298995795 0.8290866174644068 
0.2732819193519419 0.9631593325222948 
0.7170390104853932 0.8027647308201594 
0.975328595168632 0.28923951966806205 
0.9813336619573971 0.784541710691957 
0.7319492681957173 0.938795617865747 
0.6148345880021934 0.9494052067556825 
0.8654510342279439 0.6507020321721261 
0.9869673309366828 0.8394909897763009 
0.9464517262742539 0.8570970347674916 
0.9701800002573849 0.6968430291983642 
0.7088687038205895 0.8586312711064162 
0.9860394931701952 0.7845879865285967 
0.9641523459515583 0.9177946001585642 
0.7635082519232304 0.6576940251012144 
0.5759193324739406 0.9786786093014429 
0.8563897244272667 0.7836023181641665 
0.43652555831495 0.9209588375831932 
0.980177921922877 0.6162563452099814 
0.8534867199343709 0.8919224453121698 
0.9363302564883369 0.710420766417765 
0.6325822314594854 0.8106070504455909 
0.83102055052977 0.8091030022374814 
0.7324204788072284 0.7174110229717197 
0.9964201635522327 0.2016928042053946 
0.7742859160523842 0.6576372190507829 
0.9873222792408227 0.4120327031572113 
0.49493994576692013 0.8838302740830182 
0.9829953726940863 0.8564458846260382 
0.7735326364865692 0.9531427495641049 
0.9421605670857963 0.9343959838161598 
0.8338079256049454 0.9739436615552047 
0.9966329632506802 0.9471145229717102 
0.9623094318642067 0.9334955194826814 
0.7956700884361964 0.6763736235847227 
0.9875436264174859 0.32084193181684284 
0.68729098872315 0.7439283099341942 
0.7555213945557484 0.7709379832178697 
0.9951553380815624 0.1869233418073405 
0.6855401682758958 0.8839287858308573 
0.8824845997148637 0.8650297930663339 
0.5360857077797171 0.9926513245984441 
0.9157247700971417 0.6938998449784269 
0.7446978517270245 0.702688585787051 
0.7589067514669876 0.9703201608280543 
0.8804812287885165 0.9647135512787447 
0.4789519876445283 0.9401748424919533 
0.8470919337065886 0.6239766867977522 
0.8177878417819622 0.8926337335609206 
0.9993757990929083 0.1637046822114937 
0.9947364782542316 0.23092310672497696 
0.40192404318556385 0.9313123720199042 
0.415162617706903 0.9358316830963398 
0.8117482546126965 0.7814354818804468 
0.8170025136343948 0.6674796147746668 
0.8830281445653949 0.7785629727837228 
0.9145934762896424 0.6258566310055884 
0.622941332703748 0.9059189739809441 
0.52438838506477 0.9154727480677167 
0.25378776974623185 0.9909069137755294 
0.9585324146801081 0.4110621175006304 
0.49659386203806544 0.8817981579239663 
0.9437965115817067 0.4931457598229455 
0.8108528142349474 0.9170516212352953 
0.9881956850700593 0.30184944638325384 
0.9538203147257709 0.6401431196032449 
0.8038292656364004 0.7178656485557273 
0.9294732127835472 0.5517862201760353 
0.8450124128224986 0.9530060426231811 
0.6292563932231974 0.8370720835754426 
0.8383790539741108 0.9425036608664757 
0.9159767393214423 0.9789878573073604 
0.8793317149139007 0.7037540011176474 
0.9597942878489002 0.6606248832022651 
0.9588273482858394 0.8652868980923603 
0.9568919413489996 0.5529724972349291 
0.9888742694976298 0.9069834668114675 
0.6624035859382034 0.9772863586180696 
0.4187018839992612 0.9409068473452841 
0.983125229463336 0.8860771927200517 
0.7543792797958275 0.8413696724691618 
0.8969965202171358 0.939943782729292 
0.9293306137313462 0.8479830502594476 
0.809447288708099 0.6153378718386988 
0.8396889462093486 0.8961055706800943 
0.9115853613312583 0.782160610324987 
0.8636236381714905 0.5724108245517576 
0.5905911556980088 0.9523131465259048 
0.7834028330895327 0.9159446908040787 
0.6187761878841862 0.9888120826719723 
0.655750091372062 0.9536998535839769 
0.813903230049198 0.7793816845136756 
0.6568018853261008 0.8846201598315842 
0.8248934365839098 0.7836911222780182 
0.942865301065823 0.7177186341957331 
0.4387769720261019 0.9728659175682007 
0.953702473558481 0.8415756586411479 
0.8016446087771302 0.7747484352214132 
0.9295095351189729 0.9221810928314783 
0.9569972568738596 0.40882835770788084 
0.706461136375408 0.7657528600529366 
0.6302558277620391 0.8935111075437728 
0.9462563572593039 0.8308735155695982 
0.7117584758615367 0.7803896126012662 
0.9901377971603303 0.5691938221555571 
0.6721417832565919 0.9594804813003481 
0.7533009562234771 0.8104404600723459 
0.972719042647526 0.3447691070781057 
0.7660121045343 0.6453814893837083 
0.9977500399950499 0.8818465513315676 
0.7523680816704333 0.8543343003985695 
0.710647094941315 0.7568221010796625 
0.9180136515829159 0.7343050824054949 
0.8643204362085268 0.9702700990241698 
0.8049993367039012 0.9793543763966197 
0.9934509199756274 0.29590659738427993 
0.6507478602370302 0.81485850638071 
0.82018476817071 0.9306190658250102 
0.5506653315468669 0.8750471631065183 
0.907528672678579 0.8544790731636297 
0.5971016827456336 0.8741597851144292 
0.9210956519933913 0.5379486022709842 
0.9519915510728494 0.7100227981637325 
0.6338328707744743 0.9313140173353842 
0.8363128330080626 0.7207799257665624 
0.9733654508628544 0.49339921204059156 
0.600726947017975 0.9906973426461095 
0.7257716522681749 0.8937823020466301 
0.9167865639550299 0.7563109597973029 
0.9577885652772641 0.8398703734229113 
0.7991466435386099 0.7554082143221965 
0.6058986576510794 0.8644841620813909 
0.9099140664469543 0.460769862851762 
0.668171398875696 0.7673262561664757 
0.5839266941101771 0.9958004488167768 
0.5896990064652987 0.9252152291397495 
0.9985790929615905 0.9537421363356184 
0.6184558066540257 0.8425719519937362 
0.9247984668845868 0.6456961243160164 
0.9640804809645062 0.5424463959084618 
0.9429549341450858 0.6535803684598535 
0.8819124250217346 0.7036767570521887 
0.8229719462314619 0.8881839492735611 
0.5912953176422552 0.9241792323581339 
0.8241217281143189 0.5753876428291683 
0.7983761680108467 0.6459676364115132 
0.961545782512121 0.45947579146552253 
0.5958749156376763 0.9500250237870508 
0.3140411649964334 0.9507807424147884 
0.782217456998148 0.8223283078936009 
0.9762021129431215 0.5796518566372318 
0.5737149618583399 0.8764510206689987 
0.8306194935389791 0.6097760889273726 
0.5722251921138647 0.9220200071710283 
0.6015661269219728 0.8301754452834784 
0.6925252163607576 0.8348069389765411 
0.9405936269032024 0.7581281014861693 
0.6858578392995921 0.9392592682499623 
0.8689248424766429 0.9745857517849397 
0.5865793261542989 0.9723401809168205 
0.9901980491947099 0.16585858055907488 
0.849480509896882 0.8952813006796623 
0.572887073267299 0.8353224142977275 
0.9806564655235831 0.4144409119000936 
0.7690366672960619 0.9321394937446522 
0.8127749041800147 0.7889955099813177 
0.9269204748318931 0.7083668576701011 
0.6128889142035202 0.9606160001025578 
0.6800912990431903 0.8224540055500943 
0.8518830810206202 0.7740934740408973 
0.9391088584827602 0.42457509051967535 
0.891736003606578 0.9352528099885601 
0.5100222309278203 0.9855342441362438 
0.8282721634567124 0.6870012082094353 
0.969103256930113 0.40700619546641803 
0.8006968003398114 0.6357412279501077 
0.8172889119873221 0.5843671953569555 
0.8164739278843969 0.9898906077957546 
0.8346789865136629 0.6113335822558136 
0.9373840280804618 0.7781946775491488 
0.8972387300080293 0.6122528084292264 
0.9748383100846716 0.5105282287354779 
0.8855169856053539 0.6373758930169007 
0.6119254276799122 0.851181449265656 
0.9244488440042674 0.43566421695588786 
0.7901193390685225 0.7761897045299999 
0.9656605789297814 0.9489607750637236 
0.9127475429114994 0.999058268832467 
0.5525539014148986 0.8647527034855101 
0.9485530949331263 0.40439279375935777 
0.7097017772630513 0.9654022581956619 
0.6948161433735976 0.8150817586850906 
0.8116227160934594 0.6049837699116891 
0.9662426109312153 0.5359630951537837 
0.8301712027261013 0.6835422590548775 
0.7811042613547995 0.6494940817265049 
0.6374214046382134 0.8219786865724288 
0.9785453162241521 0.5455776093954109 
0.9223442649830803 0.8223849377334 
0.5851298607967682 0.9559023642504842 
0.949457855565703 0.3941580262836426 
0.7888749492461044 0.9176972572093255 
0.895748129351219 0.831755962538662 
0.8166803292473148 0.7320021339779884 
0.48690260345298353 0.9081625515859051 
0.9211637648478609 0.5208531818151148 
0.9442324880801095 0.7694168446906138 
0.8388769516385844 0.8777554100697844 
0.8225442408271479 0.667992757284442 
0.9826160882287245 0.3588344354415628 
0.8706478548047013 0.5952697633741345 
0.9838364658998836 0.4642252850611135 
0.9927092960963814 0.35186782036499653 
0.8728279830789274 0.7448821174590079 
0.7932148623086596 0.6299373394862853 
0.9233620972251897 0.5836218296063974 
0.9822914740566212 0.6194348046504857 
0.4537084943735312 0.9323103995154712 
0.9691642789516162 0.5209231733459591 
0.743330472456321 0.8934908862255211 
0.6718825860626543 0.9211671892115142 
0.7529998612953693 0.7343204283446655 
0.7578696257509174 0.6996921957485622 
0.8978250653274895 0.49237719167641136 
0.6413199811987815 0.884688120437095 
0.8879722753724509 0.6208677203441035 
0.9835861552498042 0.4107333024481423 
0.9282141794444715 0.705248835821945 
0.771690058439235 0.920318909741044 
0.7215749992859273 0.8494762742394799 
0.9841222948666102 0.6365553838409707 
0.5439945499576258 0.853422158030123 
0.8831749919810651 0.5316491513596198 
0.998695046578233 0.5747685536548374 
0.9150411278494802 0.9111204508053189 
0.8466127115751463 0.7283690115127921 
0.5503283110410623 0.950800933179559 
0.962509164684626 0.7736907462397116 
0.9893570625918162 0.8478280207304999 
0.8493031823132129 0.9778927022853316 
0.8364228271879515 0.9111384799158226 
0.5439636740916901 0.8816387534998599 
0.8415690515947732 0.8121779899013105 
0.9798067086700053 0.2192039031678663 
0.753516605474574 0.7546727218424836 
0.9660891456887177 0.2988303455686916 
0.9757902754519617 0.7186196302471366 
0.5536414850025101 0.8816545988109997 
0.9729456589220268 0.8550847501801825 
0.6941013925537747 0.8932984563582317 
0.8438638207234535 0.9448709275594573 
0.8544043000041439 0.914275109954088 
0.7630139134355977 0.6697464345378707 
0.98409085939403 0.8481742743768189 
0.5869377475387457 0.8895488054039371 
0.7566943079495548 0.7601241968163349 
0.6123933555837192 0.8404462255031067 
0.9515211052682331 0.9816855930400993 
0.930897678267796 0.4294794518670788 
0.6386913612218938 0.9538212742494565 
0.8685694371721147 0.9129142320068576 
0.46332217330285064 0.9498879136962604 
0.4433002253640468 0.9011433122962986 
0.7527749851535416 0.9971273928253644 
0.8803909530616336 0.5861018520700789 
0.5214180342324615 0.8858986942369543 
0.9647850612417517 0.460985097693694 
0.8960175396038027 0.5935288267963383 
0.46258913449509675 0.9362866910987695 
0.8592913638229303 0.7269790416530488 
0.9525131519999818 0.8015352718454796 
0.7355761663056056 0.9031769390730502 
0.8993968942014327 0.9166249834684471 
0.9530860693985653 0.8064633079743839 
0.7861391676876043 0.641065783826628 
0.9324167466296938 0.9160806799084349 
0.9426988409282144 0.47409302203064674 
0.7458201511991341 0.8494230972730451 
0.9540452951504924 0.6916294048860712 
0.890211610199808 0.718866772264062 
0.7676542053335552 0.6415495846866259 
0.9881921940334485 0.19753514840354247 
0.7877007602718846 0.9572741334039957 
0.7660811501913285 0.659695369983293 
0.6198653114274673 0.8695436243918693 
0.7281035408804787 0.8996990641461188 
0.7153562909710045 0.7456517349879264 
0.9869537436094739 0.5381617305910805 
0.9904796044721474 0.5493795553779768 
0.7955683126913577 0.7871075982461834 
0.9380834149655679 0.8056185437035003 
0.900538008162134 0.6840000484085927 
0.9460903753605622 0.6075674092219042 
0.918128883652737 0.7429866142856933 
0.5417969963441491 0.9719601689468691 
0.5723684482354506 0.9150015124974377 
0.5158761164787988 0.9870471109817506 
0.48237342481370593 0.9548936409881638 
0.9572312745861636 0.8504766994267378 
0.7780104404161082 0.9232004573264836 
0.8920478215627416 0.9465073495671236 
0.8742955867135076 0.9579261719120389 
0.5232258661656354 0.8795727259439615 
0.721937627099371 0.8884292230747581 
0.6934199846405089 0.9212159148989937 
0.9689798430082684 0.3023132214300509 
0.8040882794661051 0.9159749496174762 
0.6590571570481052 0.9932721953478321 
0.9074033773503801 0.9808807840878071 
0.9335663745007202 0.7634763611552451 
0.6901477145770826 0.9273658035320351 
0.31141082544032583 0.9909619292488832 
0.9067474887336845 0.48499561182910844 
0.8654856330526991 0.6729452860607378 
0.5604272102195204 0.985616516198643 
0.9081366962135408 0.9450426726639087 
0.9134670294068048 0.6951194045093928 
0.9829647875370476 0.49308697316716776 
0.8270057745927729 0.7702990904101675 
0.9987023368320672 0.7365908027019697 
0.5066187864943332 0.935380593419993 
0.6475408977761447 0.8097125563766071 
0.9599464432206866 0.6335911800218559 
0.9052040305828829 0.8931756550256149 
0.9840892942545466 0.19065210024945567 
0.6650955701512042 0.7607281426094451 
0.8055899281938127 0.653791139316582 
0.8005811305196151 0.8618188935446173 
0.9682366003339045 0.49366378614234074 
0.9698336557372896 0.7927280693634661 
0.886569054928552 0.6631462714842961 
0.9673190504131193 0.5410037196725683 
0.7529351740686859 0.7293492058631182 
0.5633202163698091 0.9335220532130227 
0.6303426434922108 0.839503345743653 
0.8609749368719539 0.8718152819260965 
0.3927213152779505 0.9221012910799813 
0.8340540023466437 0.7735223126342167 
0.6860357920483154 0.9403195226190284 
0.974541023516137 0.4602981201275417 
0.9996233410561645 0.8401672929062237 
0.6212864423417319 0.9547716157020977 
0.8891374664970565 0.9204429577895051 
0.8315284284654408 0.7805602501826654 
0.9211603900348906 0.6029782076147393 
0.39597390813032807 0.998878901410508 
0.8813332687192554 0.7423804447493245 
0.8867811928335781 0.4633644241424816 
0.9229525255611347 0.6087095810701176 
0.5359191684883301 0.9967458987868083 
0.9948176319227965 0.9477217491982487 
0.5296820086398368 0.9271285415003564 
0.8621860897111757 0.9568486261065466 
0.9876611081569912 0.3103231148146337 
0.8202136121246261 0.817056178533715 
0.8994276775543238 0.5378904829998805 
0.9131711414653645 0.5662191665490188 
0.7021343455148118 0.9054824790105989 
0.8141490759460003 0.7512048496191829 
0.8809693947397836 0.9133130479439313 
0.958523981455527 0.8061408776293498 
0.8805500700809982 0.5140493319462887 
0.29518413809847033 0.9806051561669674 
0.49606480243994455 0.8766966516318775 
0.6856762818439913 0.9388345414943569 
0.9400809054089009 0.5423385497407788 
0.9627382504615736 0.7878622654505043 
0.9637667557965063 0.8109938920445369 
0.9619578351907703 0.3172142659083802 
0.9983901342827853 0.7982512949466664 
0.7993879208364594 0.6874125695321391 
0.6427646649217855 0.8573658416006287 
0.9613778209616445 0.39099461323980034 
0.5631199643664953 0.8831222392821533 
0.9339048621720852 0.5991935652434676 
0.9260127215114318 0.838504054312049 
0.8667436122358476 0.9283401734695909 
0.39210144560624416 0.9563384634790381 
0.9774557097028058 0.5691176415280694 
0.4613191909868596 0.9775269305752358 
0.7690762704532675 0.7361429329230297 
0.4297637259465882 0.9790087897901131 
0.7895002383604921 0.9961438216775617 
0.9955886463444196 0.24876576324324928 
0.8124069594859876 0.7276961178489908 
0.9901091736104752 0.7820693116702179 
0.9323744124597078 0.4243037218821365 
0.9689607594291514 0.5866774943737783 
0.936067946408388 0.9407325049965264 
0.5559548230963676 0.9579492251761149 
0.9756326466099987 0.6687782091475515 
0.8011143557467062 0.6720187002167213 
0.7507871881698027 0.6758491818909615 
0.7216799386478416 0.9639625033655319 
0.7495869392516626 0.7857187950183326 
0.9809310742289581 0.8676955566311327 
0.7106819077053709 0.86395050608355 
0.9495844436288751 0.5361149950105076 
0.9884100771401088 0.819481095295741 
0.8717143586879146 0.6540988422257922 
0.9600183480327914 0.967448851244937 
0.6901080880577652 0.8398292432506215 
0.817176718285942 0.5879446790981233 
0.4543644294326906 0.9895736590754075 
0.8213130773796292 0.8262709694307558 
0.9214634035970937 0.8033783094081121 
0.563571887712263 0.95943994586039 
0.363558621610803 0.9640594823526512 
0.42856295555084034 0.9286326411433441 
0.8713231426837091 0.8617369568081137 
0.9572086611650127 0.4525885152930679 
0.9531218201397027 0.8510451841693374 
0.6940261809138883 0.8677580781419174 
0.7983513267939011 0.8864160084720643 
0.6884927323538157 0.9457226099786815 
0.25715235506647505 0.98301727620816 
0.9269696337168213 0.5447349854273328 
0.7884656363338481 0.7087398896293489 
0.9994762142632793 0.7290970097425548 
0.8726313193860582 0.9097711212350007 
0.5143296667189584 0.8725848888720893 
0.886955681496057 0.4907985745460629 
0.8182756016594669 0.7464942585614869 
0.35857795552558414 0.9595402515526469 
0.7191479580579498 0.9938364968380733 
0.2242880601271905 0.9963469028311667 
0.6105642852044719 0.8222696253824351 
0.8444312817912497 0.6647801198911051 
0.5429324138984277 0.9207705378714564 
0.6100760971814515 0.8018069800982359 
0.9964172463065026 0.34483235570324255 
0.9092764611325584 0.545176804322597 
0.8937252314072164 0.801377479795573 
0.34807728828275175 0.9957826520299968 
0.6935137984380755 0.8047223198120043 
0.862055657354349 0.5313612014004748 
0.7751838534463319 0.6915568178546793 
0.6107730748086815 0.8051352646960772 
0.9541146680619562 0.33986675617964157 
0.9435676745812713 0.959203497752256 
0.8946607951447694 0.4900796642460272 
0.9239526307218974 0.7765213146338202 
0.941496599219156 0.6125628616307605 
0.9718386042129408 0.4297504429121768 
0.9205537242613957 0.4749011768222766 
0.9835157188282588 0.6108331798071052 
0.9038003064699062 0.9652001785425348 
0.6537743726071877 0.934420551187936 
0.7609013611937895 0.9979546818986199 
0.7869824837397282 0.6358747595976224 
0.9987869319459862 0.14067127468905327 
0.6260338791680227 0.9994213170389327 
0.918430706406475 0.8552672608052542 
0.9039284185105579 0.6646394022967221 
0.8073086604997519 0.8826073315523995 
0.33494659345474165 0.945946911094348 
0.7776602835698627 0.8352393742001102 
0.9699574843909119 0.7485385174771337 
0.9346594939985753 0.6902058292056329 
0.8910440145628723 0.5715735606468394 
0.9302791940693361 0.8389339347767071 
0.972066823377089 0.8171730943168737 
0.9295578959129766 0.9487957690153516 
0.7312068634067812 0.9791243984238975 
0.977709936578141 0.45000903718058427 
0.8843179417436755 0.9014126003484147 
0.4918054981764146 0.9135747376709348 
0.873105212092384 0.8712728369318989 
0.9055009466917643 0.5660195223179606 
0.6527616175913765 0.7688670181200322 
0.8304873135749006 0.9599654234678666 
0.6935431097430291 0.7674729559207197 
0.9514987290931389 0.7837157438350117 
0.9579952973345519 0.7140863253902655 
0.8631662187581104 0.6759999836244841 
0.7712519548253814 0.709957571850064 
0.8821479882884979 0.666726525392891 
0.8411349804341285 0.8021168699449437 
0.8383505204290858 0.6569550111255082 
0.9857269607523775 0.3858181601931693 
0.7940965525326923 0.8771208668222369 
0.8653125130268353 0.9475525256070867 
0.8142838600912127 0.6805807201519058 
0.7589141485361084 0.7085896021499892 
0.6753990310279531 0.7821828639925174 
0.912735014683121 0.9455195303539707 
0.22172163930690392 0.9965746309295016 
0.9592789458797208 0.4566057283024869 
0.956811608739344 0.9443976873721766 
0.8236790119426004 0.9120346950305729 
0.8681223708427035 0.5394934995550804 
0.8175396361324215 0.9819894011083313 
0.7235759983433524 0.8725421825781098 
0.8493774692462829 0.7730352897914178 
0.38186135299174184 0.9779292412415802 
0.9597222731167019 0.7232127976968429 
0.9232353890778854 0.9621825744015157 
0.921532488643056 0.7676550280778738 
0.932738483188256 0.4452453875631627 
0.9120653837818534 0.6539285962189236 
0.9675951213413233 0.9713767497107585 
0.7563438564471469 0.795774222770062 
0.8392312604862587 0.7965289822920935 
0.5568352892375761 0.8863246458979764 
0.989757378024626 0.23624843679885965 
0.2380337050916611 0.9790116143542177 
0.9514625744080794 0.8378796063183693 
0.8008403714911684 0.9648056276362664 
0.950566870496085 0.5916744010631647 
0.976896908150214 0.5877288097562898 
0.9523258929528442 0.4842598079830275 
0.5734499755774324 0.8346842846957702 
0.8504515326690095 0.7662719281362654 
0.5459269834930368 0.949639522513964 
0.8409169626879621 0.8228437692357812 
0.8707265348279708 0.9117472249779515 
0.5705535538672006 0.9547473904125375 
0.7468425497598424 0.8886539825977403 
0.8173639766249494 0.8406931589898976 
0.5847175343758126 0.9453925384698926 
0.5928677316073444 0.8567129311372355 
0.9969568702693488 0.8757530402525456 
0.7802625384883717 0.7243227241848997 
0.9980193347763502 0.4206224285160214 
0.784478472516122 0.6554350544538722 
0.7425308796915414 0.9065922447219202 
0.8790043371660186 0.4885941497025603 
0.9720839002200655 0.6241613021200783 
0.8305640065771673 0.5818268920377981 
0.6596180003026015 0.9301633987030221 
0.7603297742339548 0.8444596618801722 
0.9613666622113307 0.8030146686649748 
0.6417256326488251 0.8108346731410823 
0.9224615030173451 0.9078255916536926 
0.46639065882304587 0.9381943824783193 
0.9721259552077658 0.9355521520422558 
0.9737850254747182 0.4189072988371517 
0.9721472604730133 0.2844163574402099 
0.4226177376969793 0.9251742468092372 
0.8782929273660459 0.5172194154190569 
0.5224098185314598 0.956803823505643 
0.8911173301582196 0.7785357206109313 
0.9159642892756571 0.7365756335943139 
0.8748720837265422 0.5759733222100428 
0.8515418772424294 0.9387927724462949 
0.9286571930389133 0.8867630311939995 
0.9797295633195338 0.6739366944973108 
0.8289468582894794 0.9412802096826658 
0.8671424104704816 0.5172627010300304 
0.9152895652720766 0.8384618813816719 
0.9925515513104165 0.6088921667314763 
0.9748466752184135 0.645216788448784 
0.6191427313466336 0.9772944562353617 
0.9893818939234349 0.5080676807612419 
0.8728719405012921 0.8324110262146819 
0.526786225609663 0.9113851872730471 
0.8873232989136125 0.5009884245096984 
0.9642973348288453 0.7340657488009555 
0.16709088980434117 0.9972144180675716 
0.862658432936417 0.8071424156301052 
0.8996191842445674 0.8570130837514297 
0.43316218930863115 0.9380393319643668 
0.626995496181868 0.899918221333769 
0.8345468338317603 0.6593545685536596 
0.6758940372678479 0.8649168832704731 
0.6494297801501243 0.888672038009201 
0.6491020222797087 0.9024313768458031 
0.9775795578144646 0.9629656937774875 
0.6336096736485907 0.8279707017876695 
0.30682314903650365 0.9876985918476175 
0.9843951599265752 0.766264882835881 
0.6386402765175349 0.822910890736896 
0.8213592938138907 0.6929879729711056 
0.3171882733100323 0.9984033984778902 
0.9686865266509245 0.45939168668869246 
0.8704926185474169 0.8973260687181261 
0.81798080870774 0.8722046315700305 
0.915981676532128 0.6198084071558527 
0.61273436362822 0.8827882638973521 
0.5910433296997136 0.8626261203582702 
0.9901934251673276 0.1630766360073228 
0.43155407551844494 0.9071622307262595 
0.9780333257468611 0.35914288269997363 
0.8782744087363688 0.8761303972219279 
0.5580518411464783 0.9311759279837344 
0.9141665104427077 0.5515174503188238 
0.6197461689821194 0.9770673621002212 
0.8472395733968204 0.8703430082933027 
0.8992408916614126 0.7236800214016423 
0.5921589253166786 0.9331540853685395 
0.9829452815133968 0.6825114338696544 
0.33154573610326243 0.9906481294731835 
0.7339193981912399 0.9301121088764394 
0.6433508373432484 0.9276298216427372 
0.8396720583508096 0.6688202454338068 
0.422973349890886 0.9695152266696679 
0.8453690274416494 0.8783276616317266 
0.23861320357605365 0.9788269397877377 
0.7248218022193541 0.8543641340063401 
0.9548526513977872 0.46375637304450634 
0.7161053144667386 0.8867278813730011 
0.9878580023971629 0.6583893454296399 
0.36275909236078363 0.9709320338946369 
0.8825559997887198 0.7954257082361643 
0.5712727024965091 0.9169985014157075 
0.6345519209868085 0.8285333706677661 
0.9505151048340728 0.5746023930600639 
0.9220205466511969 0.587828374971454 
0.9358758657722407 0.6810319515022899 
0.7928292356524628 0.8767208822167772 
0.33076272314780153 0.9916493609836812 
0.7995715053973261 0.8826329350014991 
0.8856376597920992 0.9905061121064652 
0.377377139624121 0.9657242933049247 
0.37904209536780753 0.997742109639597 
0.7902722582949137 0.6300709044601862 
0.4591284265252429 0.9169011024761562 
0.8012230803207135 0.7392777480701306 
0.4639093582952294 0.9829395192684521 
0.8652441209101597 0.7600784266898298 
0.7551292381444572 0.854694729924359 
0.2700878879399389 0.9896989230495336 
0.9965013422071002 0.7970204043316387 
0.8287603231638855 0.7454555223432895 
0.6257821918903378 0.9704855919176439 
0.773395794588333 0.7540983898795355 
0.8575183878607117 0.9220432177162072 
0.36074671786757884 0.9448285916184626 
0.6593605330019419 0.8754847610361794 
0.4313334488557079 0.9601110242070191 
0.7454172909101566 0.862328008543137 
0.9188864043196384 0.675093543083698 
0.7983711074177793 0.6562142412858657 
0.9326939556779377 0.6728443854098655 
0.9917643397257029 0.24026779824815947 
0.5682888917278054 0.9831089137361892 
0.9599345615167407 0.7539678784103497 
0.3321908658315148 0.9839404521731595 
0.9409255420004008 0.8472033404648095 
0.7641804718026952 0.7703325872556926 
0.9381058963308375 0.9122969517334314 
0.8415806966875138 0.842986701606627 
0.9867791556242684 0.6898207028079235 
0.8722186654181593 0.49880902360858936 
0.7298207101783006 0.8276583363964756 
0.49925132911185066 0.8853627048237417 
0.6732866736047727 0.9690079591307442 
0.4966517351603368 0.9282227436585331 
0.9684315105163241 0.725697711066743 
0.8709623586059111 0.8370790712164881 
0.2840450131418837 0.9880393230610153 
0.9341425422706798 0.5927135150737847 
0.7374911001917132 0.9683888305464662 
0.9745973736631958 0.8397685613030631 
0.9283863081527244 0.8495806810344778 
0.7574765669152492 0.8079766339122887 
0.9385817164271335 0.41294524157084456 
0.9147026394450959 0.8907723066698708 
0.733758869403303 0.9115612928176163 
0.5322917421510832 0.9602011687885122 
0.5547100217468643 0.998501221745713 
0.768425550602259 0.6926567850658881 
0.8473446077838759 0.674222613150877 
0.669930370661819 0.7946741624275943 
0.9500908222244266 0.8867446573002437 
0.7013640240439056 0.7319655175359693 
0.9694017393783388 0.5782472084675907 
0.7578763537961111 0.842945951233764 
0.9969942473996375 0.666256928055496 
0.6111333216444413 0.9594793996232979 
0.331644862475857 0.947295249575123 
0.6135366907853715 0.8768717807397065 
0.5560911705518037 0.9677897844531204 
0.8083952120401756 0.620175862428213 
0.9092034569790256 0.841524987632441 
0.5442846706382253 0.9721201108268096 
0.9346790353255803 0.6581328520152884 
0.7549250409177778 0.9330948969905865 
0.4607780841847685 0.9181526851484891 
0.7732065247240392 0.8360013837666431 
0.9261520215717133 0.7243412014646354 
0.7128468216107563 0.7063547322029259 
0.6461287682476649 0.9421319407522957 
0.3934620413019333 0.9715078182383529 
0.8601895509642536 0.905788824679108 
0.5445236422171692 0.9590978308368406 
0.7438878585011957 0.747323277398856 
0.9828607290725258 0.4717056092435047 
0.946354231929471 0.47322074681637194 
0.5723525412003646 0.9581238294966798 
0.45044106842593656 0.9748929812723074 
0.9492913081915427 0.9647265595816232 
0.7073638604809085 0.8145700051922338 
0.8622483787437322 0.5616535789646471 
0.9034878756512947 0.9655368294171869 
0.9634896895196892 0.6828849602029292 
0.9424197552124883 0.6163944061470744 
0.43894310976119244 0.9976291734268647 
0.8561346627174886 0.6694077277108019 
0.4762938962957206 0.9854941375255508 
0.955556589533327 0.9194080116711328 
0.9942019646891245 0.9327712338725788 
0.9367407667349447 0.9964225625502652 
0.939114088520449 0.9680636769228265 
0.6276369345362011 0.9475358158511985 
0.9723718180982585 0.8091531000174623 
0.9550899846547092 0.882672652544228 
0.9990189216864692 0.9965480756028753 
0.5168769035167365 0.9236049627901125 
0.9418245022141303 0.5114606649722707 
0.7107039609869024 0.9398222039555858 
0.9606931026329928 0.6534185448708671 
0.8771883250158184 0.8930330022380698 
0.562154052145891 0.8764141374358343 
0.9107212915412867 0.6134207692391025 
0.8324018096845489 0.8248483538588691 
0.969884417259782 0.7272021340541197 
0.418006588690071 0.9988811534363191 
0.7740148981077415 0.8046963806578773 
0.9876550984728081 0.5144446368631956 
0.9777459202568552 0.2337718908040941 
0.97462788379234 0.3210574717429542 
0.9479119827539745 0.8843575468987838 
0.4467568581159016 0.8996377687192737 
0.6052930122418372 0.9928424387886138 
0.9114430775697047 0.5784424890388733 
0.8720532319576279 0.6352627572568669 
0.9897663615509037 0.5534197839425238 
0.9436160644292716 0.45186233211200144 
0.8121839378285124 0.6564582501754704 
0.9012942287058445 0.6585352803208214 
0.8211663139670388 0.8141273430093404 
0.9810324160945721 0.965003309818545 
0.7616255927964342 0.9223136824415534 
0.7501018040307267 0.7108047916361656 
0.9535281309704676 0.35642830629639544 
0.7573724676624967 0.9568737921670358 
0.9068845150217381 0.9689755602215897 
0.9126518365523344 0.6849778795954115 
0.6292025946017609 0.8657969103056776 
0.9420866711346263 0.7043176218115482 
0.6153604874008104 0.9229705097124601 
0.5227280392636973 0.8955695946225242 
0.812063817444499 0.7869918487854104 
0.5088098234390463 0.9529588903981913 
0.9229510894025306 0.8403721755402683 
0.6604695812109296 0.9167097164250653 
0.5026526231256642 0.9386563496493956 
0.988838212263898 0.6129201517075192 
0.9409366052817071 0.7537364587767189 
0.9638936927317098 0.4413308804911973 
0.8308210396100938 0.6698689207877402 
0.89204003269152 0.7104348727034737 
0.9795574949373825 0.38417449150179817 
0.9111512983015049 0.4559839879971648 
0.9365079412854648 0.938391535852607 
0.8950760854930729 0.5421580541457598 
0.759158858097076 0.9071284630848816 
0.7004520488941678 0.8010943453458688 
0.548632118367653 0.9522337999129563 
0.2757860512547702 0.9638004673137439 
0.8703025298281052 0.8367741403911007 
0.9898512805708416 0.9242447354234243 
0.8673101911950628 0.927798460170003 
